#S 235  tes_d45_z2.5_Compd_1_235.
#D Thu Jul 14 23:02:10 2022
#T 1  (Seconds)
#P0 26.8115 17.330455 14.069723 0.04 0 28.5 19.14 -12.799757
#P1 0.039715762 0 0.0075 0 0 -9.033 -7.637 481.95
#P2 44.996696 1821 196115 829.8015 1.9101244 365.0064 15.7001 4.3276
#P3 23.82 19.1411 0 0 28.1 30.1 31.4 32.2045
#P4 20.95 100 -698.11225 20 
#L MONO  Epoch  Seconds  QUAD_ENC  GRATING_ENC  ENERGY_ENC  CMACT  CH  FY  REF  I1  testfy  CTEMP  SAMPLEZ_ENC  I0  SC  CK  FeLab  FeLln  NK  OK
690.001 32762.219 1 1115871 210402.53 715.3914 0 0 80 870 -1 107 0 0 2321 1200 7.00 30.00 0.00 0.00 33.00
690.801 32763.678 1 1115681 210307.53 716.05107 0 1 80 878 -2 129 0 0 2327 1198 7.00 36.00 0.00 0.00 30.00
691.601 32765.119 1 1115487 210210.53 716.72584 0 1 77 888 -4 115 0 0 2331 1198 5.00 32.00 0.00 0.00 37.00
692.401 32766.559 1 1115297 210115.52 717.38788 0 1 85 893 -4 139 0 0 2336 1196 2.00 41.00 1.00 0.00 47.00
693.201 32768.001 1 1115103 210018.52 718.06508 0 1 90 879 -4 127 0 0 2339 1200 12.00 35.00 0.00 0.00 35.00
694.001 32769.436 1 1114913 209923.52 718.72952 -1 2 87 897 0 126 0 0 2345 1199 6.00 35.00 0.00 0.00 34.00
694.801 32770.888 1 1114719 209826.52 719.40917 -1 0 93 902 -3 129 0 0 2348 1198 9.00 25.00 1.00 0.00 34.00
695.301 32772.279 1 1114602 209768.02 719.81966 -1 1 94 910 0 128 0 0 2352 1198 13.00 44.00 0.00 0.00 22.00
695.801 32773.648 1 1114486 209710.02 720.22709 -1 0 90 916 -1 123 0 0 2354 1198 9.00 36.00 0.00 1.00 33.00
696.301 32775.041 1 1114364 209649.02 720.65607 -1 1 86 907 -3 113 0 0 2354 1195 10.00 30.00 0.00 0.00 28.00
696.801 32776.456 1 1114243 209588.52 721.08202 0 1 82 914 -2 101 0 0 2355 1195 5.00 29.00 0.00 0.00 31.00
697.301 32777.880 1 1114128 209531.02 721.4873 -1 0 98 924 -1 131 0 0 2357 1197 11.00 41.00 0.00 1.00 30.00
697.801 32779.294 1 1114009 209471.52 721.90715 -1 1 86 934 -2 122 0 0 2358 1192 2.00 38.00 0.00 0.00 39.00
698.301 32780.669 1 1113894 209414.02 722.31332 0 0 92 939 1 135 0 0 2361 1195 5.00 40.00 1.00 0.00 28.00
698.801 32782.040 1 1113776 209355.02 722.73056 -1 0 88 936 1 115 0 0 2364 1195 8.00 41.00 0.00 0.00 40.00
699.301 32783.424 1 1113657 209295.52 723.1518 -1 0 83 945 0 166 0 0 2364 1194 7.00 55.00 1.00 1.00 34.00
699.801 32784.834 1 1113541 209237.52 723.56287 -1 0 83 942 -1 126 0 0 2366 1195 6.00 39.00 2.00 0.00 33.00
700.001 32786.144 1 1113497 209215.52 723.71892 -1 0 83 950 -2 129 0 0 2367 1194 10.00 34.00 0.00 0.00 47.00
700.201 32787.450 1 1113447 209190.52 723.89632 0 1 87 951 -3 140 0 0 2366 1192 5.00 41.00 1.00 0.00 38.00
700.401 32788.781 1 1113404 209169.02 724.04895 -1 -1 87 946 1 120 0 0 2365 1192 5.00 38.00 2.00 0.00 38.00
700.601 32790.110 1 1113357 209145.52 724.21585 -1 -2 85 949 -1 136 0 0 2370 1192 8.00 33.00 0.00 1.00 30.00
700.801 32791.431 1 1113313 209123.52 724.37216 0 -1 82 958 1 128 0 0 2369 1192 10.00 33.00 0.00 0.00 34.00
701.001 32792.757 1 1113265 209099.52 724.54276 0 -1 73 951 -1 146 0 0 2368 1191 6.00 41.00 0.00 0.00 36.00
701.201 32794.074 1 1113217 209075.52 724.71344 -1 0 76 963 0 128 0 0 2366 1191 3.00 36.00 0.00 0.00 37.00
701.401 32795.401 1 1113171 209052.52 724.87708 -2 -2 85 961 0 128 0 0 2370 1193 2.00 35.00 1.00 0.00 23.00
701.601 32796.732 1 1113125 209029.52 725.04079 -1 0 80 971 -3 134 0 0 2369 1190 12.00 25.00 0.00 1.00 38.00
701.801 32798.055 1 1113079 209006.52 725.20457 -1 0 86 964 -3 112 0 0 2372 1189 5.00 35.00 1.00 0.00 35.00
702.001 32799.381 1 1113030 208982.02 725.37911 -1 -1 87 970 -3 107 0 0 2370 1192 6.00 36.00 3.00 0.00 30.00
702.201 32800.694 1 1112988 208961.02 725.52879 -1 -1 82 964 -2 115 0 0 2371 1191 9.00 20.00 0.00 0.00 35.00
702.401 32802.001 1 1112939 208936.52 725.70348 0 -1 87 974 -1 118 0 0 2369 1189 5.00 31.00 0.00 0.00 44.00
702.601 32803.317 1 1112896 208915.02 725.85685 -1 -1 82 979 -2 115 0 0 2372 1189 9.00 44.00 1.00 0.00 27.00
702.801 32804.630 1 1112846 208890.02 726.03526 -1 -1 78 972 -4 105 0 0 2374 1188 11.00 30.00 0.00 0.00 32.00
702.901 32805.906 1 1112823 208878.52 726.11736 -1 -1 81 972 -4 133 0 0 2374 1188 6.00 43.00 0.00 1.00 36.00
703.001 32807.193 1 1112803 208868.52 726.18876 -1 -1 86 975 -4 132 0 0 2370 1188 5.00 34.00 0.00 0.00 39.00
703.101 32808.471 1 1112779 208856.52 726.27447 -1 -1 83 977 -2 122 0 0 2372 1187 1.00 27.00 1.00 0.00 32.00
703.201 32809.757 1 1112754 208844.02 726.36376 -1 0 86 976 -4 103 0 0 2371 1185 9.00 27.00 1.00 0.00 37.00
703.301 32811.038 1 1112731 208832.52 726.44593 -1 -1 92 981 -4 137 0 0 2371 1187 7.00 28.00 0.00 0.00 35.00
703.401 32812.345 1 1112710 208822.02 726.52097 0 -1 84 985 -4 109 0 0 2371 1185 9.00 17.00 0.00 0.00 36.00
703.501 32813.619 1 1112687 208810.52 726.60318 -1 -2 85 972 -5 110 0 0 2373 1187 3.00 28.00 0.00 0.00 30.00
703.601 32814.909 1 1112661 208797.52 726.69613 -1 -1 84 976 -4 99 0 0 2373 1187 5.00 17.00 1.00 0.00 30.00
703.701 32816.202 1 1112637 208785.52 726.78195 -1 -3 75 983 -2 109 0 0 2371 1188 5.00 22.00 1.00 0.00 38.00
703.801 32817.486 1 1112616 208775.02 726.85705 -2 -3 72 983 -3 130 0 0 2376 1189 6.00 27.00 0.00 0.00 37.00
703.901 32818.760 1 1112595 208765.02 726.9286 -1 -2 68 988 -3 136 0 0 2372 1187 8.00 29.00 0.00 0.00 41.00
704.001 32820.036 1 1112570 208752.02 727.02163 0 -2 81 986 -1 135 0 0 2375 1187 7.00 29.00 0.00 0.00 35.00
704.101 32821.321 1 1112545 208739.51 727.1111 0 -1 72 989 1 100 0 0 2375 1189 3.00 25.00 1.00 0.00 23.00
704.201 32822.599 1 1112526 208730.01 727.17911 0 -1 55 982 1 125 0 0 2374 1188 15.00 30.00 0.00 0.00 37.00
704.301 32823.891 1 1112504 208719.01 727.25788 0 0 40 994 -2 106 0 0 2376 1186 4.00 30.00 0.00 1.00 41.00
704.401 32825.187 1 1112480 208707.01 727.34383 -1 -1 32 992 -3 126 0 0 2374 1187 8.00 31.00 1.00 0.00 32.00
704.501 32826.471 1 1112455 208694.51 727.43338 0 -1 35 1005 -3 113 0 0 2375 1186 6.00 26.00 0.00 0.00 35.00
704.601 32827.768 1 1112431 208682.51 727.51937 1 0 49 1005 -2 97 0 0 2374 1185 6.00 15.00 2.00 1.00 41.00
704.701 32829.049 1 1112409 208671.51 727.59821 1 0 58 1009 -2 111 0 0 2375 1184 6.00 30.00 1.00 0.00 32.00
704.801 32830.377 1 1112387 208660.51 727.67706 -1 -1 44 1020 -4 94 0 0 2375 1185 5.00 29.00 2.00 1.00 28.00
704.901 32831.659 1 1112360 208647.01 727.77386 0 0 54 1006 -2 94 0 0 2373 1184 6.00 19.00 0.00 0.00 33.00
705.001 32832.947 1 1112337 208635.51 727.85634 0 1 72 1018 0 103 0 0 2371 1186 3.00 28.00 2.00 0.00 31.00
705.101 32834.231 1 1112317 208625.51 727.92807 1 -1 60 1023 -2 96 0 0 2375 1184 6.00 28.00 1.00 1.00 29.00
705.201 32835.518 1 1112293 208613.51 728.01417 1 -1 58 1032 -3 103 0 0 2371 1185 3.00 27.00 0.00 0.00 34.00
705.301 32836.811 1 1112268 208601.01 728.10388 1 0 58 1051 -3 121 0 0 2367 1184 8.00 23.00 0.00 0.00 39.00
705.401 32838.095 1 1112244 208589.01 728.19002 1 0 63 1055 -2 129 0 0 2364 1185 4.00 27.00 2.00 1.00 28.00
705.501 32839.393 1 1112223 208578.51 728.26541 0 -1 63 1072 -2 110 0 0 2368 1188 8.00 25.00 0.00 1.00 33.00
705.601 32840.685 1 1112202 208568.01 728.34082 1 0 68 1081 -6 129 0 0 2369 1191 8.00 25.00 1.00 0.00 31.00
705.701 32841.953 1 1112178 208556.01 728.42701 0 0 76 1094 -3 131 0 0 2370 1194 9.00 46.00 1.00 0.00 37.00
705.801 32843.245 1 1112154 208544.01 728.51323 1 1 83 1104 -2 121 0 0 2365 1201 9.00 24.00 2.00 0.00 33.00
705.901 32844.527 1 1112133 208533.51 728.58868 0 1 81 1129 -1 117 0 0 2368 1208 7.00 31.00 0.00 0.00 28.00
706.001 32845.821 1 1112112 208523.01 728.66415 0 1 78 1146 -4 120 0 0 2365 1206 4.00 28.00 2.00 0.00 35.00
706.101 32847.118 1 1112089 208511.51 728.74682 1 1 81 1168 -3 138 0 0 2365 1203 5.00 30.00 5.00 1.00 29.00
706.201 32848.414 1 1112063 208498.51 728.8403 0 0 74 1196 -4 117 0 0 2367 1197 7.00 25.00 2.00 0.00 39.00
706.301 32849.694 1 1112039 208486.51 728.92661 0 1 82 1222 -6 121 0 0 2362 1193 9.00 26.00 4.00 0.00 33.00
706.401 32850.966 1 1112017 208475.51 729.00574 0 1 79 1233 -5 118 0 0 2369 1195 5.00 23.00 2.00 0.00 40.00
706.501 32852.271 1 1111996 208465.01 729.08129 -1 -1 77 1252 -5 96 0 0 2371 1193 6.00 24.00 2.00 1.00 32.00
706.601 32853.547 1 1111970 208452.01 729.17486 -1 1 74 1267 -4 98 0 0 2370 1191 8.00 22.00 1.00 0.00 24.00
706.701 32854.834 1 1111945 208439.51 729.26484 0 1 81 1277 -3 95 0 0 2373 1194 11.00 24.00 3.00 0.00 36.00
706.801 32856.119 1 1111925 208429.51 729.33684 0 2 78 1294 -4 109 0 0 2373 1196 9.00 22.00 1.00 0.00 21.00
706.901 32857.397 1 1111904 208419.01 729.41246 -1 1 71 1297 -4 91 0 0 2377 1200 6.00 23.00 2.00 0.00 40.00
707.001 32858.680 1 1111880 208407.01 729.5025 -1 1 76 1295 -3 104 0 0 2377 1204 2.00 22.00 2.00 0.00 21.00
707.101 32859.956 1 1111855 208394.51 729.58896 0 1 75 1282 -3 96 0 0 2378 1212 9.00 23.00 3.00 0.00 28.00
707.201 32861.251 1 1111832 208383.01 729.67184 -1 1 73 1278 -2 88 0 0 2381 1219 4.00 27.00 3.00 0.00 36.00
707.301 32862.553 1 1111811 208372.51 729.74753 0 2 80 1261 0 107 0 0 2380 1227 7.00 21.00 2.00 0.00 38.00
707.401 32863.837 1 1111789 208361.51 729.82683 0 1 90 1250 -4 138 0 0 2379 1240 5.00 30.00 3.00 0.00 36.00
707.501 32865.119 1 1111763 208348.51 729.92058 -1 1 94 1225 -6 122 0 0 2384 1258 8.00 36.00 5.00 0.00 35.00
707.601 32866.398 1 1111741 208337.51 729.99992 -1 -1 103 1205 -4 140 0 0 2382 1275 5.00 43.00 4.00 0.00 27.00
707.701 32867.689 1 1111721 208327.51 730.07206 0 -1 110 1185 -2 171 0 0 2385 1287 2.00 57.00 4.00 1.00 25.00
707.801 32868.961 1 1111699 208316.51 730.15144 0 0 115 1183 0 166 0 0 2383 1299 11.00 46.00 8.00 0.00 33.00
707.901 32870.258 1 1111674 208304.01 730.24165 0 0 120 1169 0 172 0 0 2385 1313 2.00 39.00 6.00 0.00 35.00
708.001 32871.552 1 1111649 208291.51 730.33189 0 0 130 1149 1 180 0 0 2384 1324 6.00 55.00 7.00 1.00 34.00
708.101 32872.847 1 1111627 208280.51 730.41132 0 0 128 1148 0 196 0 0 2385 1330 11.00 65.00 9.00 0.00 23.00
708.201 32874.129 1 1111606 208270.01 730.48716 0 -1 129 1151 -3 242 0 0 2386 1338 6.00 59.00 14.00 0.00 29.00
708.301 32875.416 1 1111582 208258.01 730.57384 0 0 133 1140 -3 207 0 0 2385 1348 3.00 72.00 9.00 0.00 39.00
708.401 32876.732 1 1111557 208245.51 730.66416 -1 0 149 1138 -4 194 0 0 2388 1360 11.00 57.00 11.00 1.00 31.00
708.501 32878.024 1 1111534 208234.01 730.74727 0 0 156 1129 -3 219 0 0 2384 1380 4.00 77.00 9.00 0.00 31.00
708.601 32879.298 1 1111513 208223.51 730.82317 0 -2 175 1140 -5 238 0 0 2387 1403 7.00 88.00 13.00 0.00 29.00
708.701 32880.591 1 1111491 208212.51 730.9027 0 0 184 1115 -5 265 0 0 2389 1429 7.00 102.00 7.00 0.00 31.00
708.801 32881.877 1 1111465 208199.51 730.99672 0 0 195 1121 -5 293 0 0 2390 1453 11.00 92.00 9.00 0.00 30.00
708.901 32883.170 1 1111441 208187.51 731.08352 -1 0 201 1124 -5 282 0 0 2392 1457 11.00 107.00 13.00 0.00 33.00
709.001 32884.437 1 1111420 208177.01 731.15949 0 0 194 1135 -2 271 0 0 2385 1440 3.00 105.00 12.00 0.00 29.00
709.101 32885.732 1 1111400 208167.01 731.23185 0 0 184 1124 -4 293 0 0 2392 1419 3.00 121.00 15.00 0.00 25.00
709.201 32887.047 1 1111375 208154.51 731.32233 -1 0 178 1119 -3 309 0 0 2393 1385 2.00 111.00 8.00 1.00 25.00
709.301 32888.340 1 1111353 208143.51 731.40196 -1 1 162 1128 -6 279 0 0 2390 1344 3.00 104.00 11.00 0.00 29.00
709.401 32889.625 1 1111331 208132.51 731.48162 1 1 155 1124 -3 266 0 0 2389 1312 6.00 92.00 11.00 0.00 38.00
709.501 32890.892 1 1111310 208122.01 731.55767 -1 0 139 1113 -3 258 0 0 2390 1290 6.00 90.00 7.00 2.00 37.00
709.601 32892.160 1 1111286 208110.01 731.6446 0 0 123 1114 -5 203 0 0 2393 1275 10.00 79.00 6.00 1.00 37.00
709.701 32893.438 1 1111261 208097.51 731.73517 -1 -1 129 1104 -4 239 0 0 2395 1264 4.00 67.00 6.00 1.00 43.00
709.801 32894.753 1 1111238 208086.01 731.81852 0 1 118 1102 -5 212 0 0 2392 1258 4.00 66.00 4.00 0.00 38.00
709.901 32896.048 1 1111216 208075.01 731.89826 0 -1 117 1099 -4 196 0 0 2393 1261 4.00 70.00 7.00 0.00 29.00
710.001 32897.352 1 1111195 208064.51 731.97439 0 0 114 1099 -2 195 0 0 2394 1260 6.00 56.00 12.00 0.00 28.00
710.101 32898.645 1 1111168 208051.01 732.0723 0 -1 108 1109 -1 201 0 0 2391 1256 2.00 60.00 5.00 1.00 29.00
710.201 32899.990 1 1111144 208039.01 732.15935 -1 0 113 1096 -1 176 0 0 2396 1259 2.00 67.00 4.00 0.00 24.00
710.301 32901.268 1 1111125 208029.51 732.22827 0 0 115 1096 -4 190 0 0 2396 1257 11.00 71.00 5.00 2.00 37.00
710.401 32902.572 1 1111103 208018.51 732.3081 0 0 116 1094 -4 223 0 0 2394 1257 9.00 54.00 7.00 1.00 26.00
710.501 32903.867 1 1111078 208006.01 732.39883 -1 -1 109 1104 -3 175 0 0 2396 1259 3.00 54.00 4.00 0.00 28.00
710.601 32905.151 1 1111054 207994.01 732.48596 0 -2 99 1094 -3 193 0 0 2395 1258 9.00 53.00 7.00 0.00 37.00
710.701 32906.429 1 1111032 207983.01 732.56584 0 1 107 1087 -3 176 0 0 2397 1259 4.00 76.00 6.00 0.00 32.00
710.801 32907.722 1 1111011 207972.51 732.64211 0 2 91 1083 -5 182 0 0 2396 1257 8.00 57.00 4.00 1.00 38.00
710.901 32909.019 1 1110990 207962.01 732.71839 0 0 91 1091 -5 168 0 0 2401 1259 7.00 48.00 5.00 0.00 26.00
711.001 32910.313 1 1110963 207948.51 732.81649 -1 -1 103 1090 -3 170 0 0 2400 1260 6.00 57.00 8.00 0.00 30.00
711.101 32911.649 1 1110941 207937.51 732.89644 1 0 96 1081 -3 213 0 0 2400 1256 5.00 67.00 6.00 1.00 29.00
711.201 32912.937 1 1110922 207928.01 732.9655 0 -1 119 1083 -1 180 0 0 2398 1256 7.00 65.00 3.00 1.00 33.00
711.301 32914.238 1 1110900 207917.01 733.04548 0 -2 118 1089 -2 212 0 0 2397 1255 1.00 49.00 5.00 0.00 29.00
711.401 32915.537 1 1110875 207904.51 733.13639 0 -1 109 1078 -2 200 0 0 2400 1254 6.00 67.00 3.00 0.00 34.00
711.501 32916.826 1 1110850 207892.01 733.22732 -1 0 103 1078 -3 196 0 0 2397 1253 7.00 52.00 4.00 0.00 35.00
711.601 32918.117 1 1110829 207881.51 733.30372 0 -1 112 1083 -4 166 0 0 2394 1251 7.00 64.00 8.00 2.00 31.00
711.701 32919.409 1 1110807 207870.51 733.38377 0 -2 117 1083 -1 181 0 0 2398 1251 10.00 61.00 5.00 0.00 26.00
711.801 32920.706 1 1110784 207859.01 733.46748 0 -1 113 1082 -2 186 0 0 2399 1251 6.00 62.00 3.00 0.00 23.00
712.001 32922.031 1 1110735 207834.51 733.64588 0 -1 105 1082 -1 184 0 0 2397 1249 8.00 69.00 5.00 0.00 25.00
712.201 32923.346 1 1110691 207812.51 733.80615 -1 -2 104 1089 -2 204 0 0 2400 1249 5.00 62.00 4.00 1.00 43.00
712.401 32924.670 1 1110642 207788.01 733.98471 0 -1 101 1083 -3 186 0 0 2400 1243 8.00 74.00 5.00 0.00 28.00
712.601 32925.989 1 1110601 207767.51 734.13418 1 0 101 1080 -2 212 0 0 2402 1242 2.00 79.00 1.00 0.00 37.00
712.801 32927.360 1 1110554 207744.01 734.3056 0 -1 100 1080 -3 194 0 0 2404 1238 7.00 59.00 4.00 0.00 34.00
713.001 32928.667 1 1110512 207723.01 734.45885 0 0 80 1079 -1 195 0 0 2401 1232 6.00 52.00 2.00 0.00 34.00
713.201 32929.970 1 1110464 207699.01 734.63406 0 -1 81 1081 -3 201 0 0 2404 1230 3.00 76.00 4.00 0.00 33.00
713.401 32931.284 1 1110418 207676.01 734.80206 0 1 86 1077 -4 219 0 0 2401 1226 6.00 74.00 3.00 0.00 38.00
713.601 32932.608 1 1110371 207652.51 734.97377 -1 -1 71 1076 -6 195 0 0 2407 1224 5.00 54.00 8.00 0.00 33.00
713.801 32933.916 1 1110327 207630.51 735.1346 0 1 84 1077 -3 203 0 0 2402 1219 5.00 57.00 3.00 0.00 31.00
714.001 32935.273 1 1110281 207607.51 735.30282 0 1 105 1083 -3 196 0 0 2405 1221 8.00 42.00 5.00 0.00 27.00
714.201 32936.609 1 1110234 207584.01 735.47476 0 1 100 1074 -4 207 0 0 2407 1220 10.00 45.00 3.00 2.00 35.00
714.401 32937.929 1 1110193 207563.51 735.62482 0 1 103 1079 -4 191 0 0 2406 1216 3.00 61.00 4.00 0.00 29.00
714.601 32939.252 1 1110145 207539.51 735.80057 0 0 96 1076 -3 205 0 0 2406 1215 4.00 49.00 5.00 0.00 25.00
714.801 32940.565 1 1110105 207519.51 735.94709 0 0 100 1083 -5 191 0 0 2410 1214 6.00 47.00 3.00 2.00 35.00
715.001 32941.888 1 1110056 207495.01 736.12666 0 1 91 1088 -4 213 0 0 2409 1212 5.00 56.00 2.00 0.00 39.00
715.201 32943.219 1 1110012 207473.01 736.28798 0 0 86 1092 -2 199 0 0 2410 1209 6.00 43.00 5.00 0.00 30.00
715.401 32944.533 1 1109963 207448.51 736.46771 0 -1 92 1092 -1 181 0 0 2409 1210 4.00 60.00 2.00 0.00 36.00
715.601 32945.851 1 1109921 207427.51 736.62183 -1 -1 95 1095 -1 198 0 0 2413 1210 12.00 58.00 4.00 0.00 36.00
715.801 32947.155 1 1109875 207404.51 736.7907 -1 -1 92 1094 -1 164 0 0 2413 1210 7.00 44.00 7.00 1.00 23.00
716.001 32948.473 1 1109829 207381.51 736.95964 0 -1 103 1094 -2 176 0 0 2413 1209 5.00 57.00 3.00 1.00 32.00
716.201 32949.789 1 1109787 207360.5 737.11396 -1 -2 98 1099 -3 159 0 0 2415 1208 6.00 62.00 3.00 0.00 28.00
716.401 32951.111 1 1109740 207337 737.28672 0 -1 97 1096 -6 168 0 0 2414 1207 6.00 70.00 4.00 1.00 28.00
716.601 32952.429 1 1109698 207316 737.44117 0 0 87 1094 -7 163 0 0 2413 1204 8.00 66.00 3.00 0.00 46.00
716.801 32953.743 1 1109650 207292 737.61777 -1 -2 86 1096 -4 166 0 0 2414 1208 1.00 44.00 5.00 3.00 26.00
716.901 32955.037 1 1109628 207281 737.69873 0 0 97 1110 -4 170 0 0 2413 1206 5.00 51.00 2.00 1.00 30.00
717.001 32956.328 1 1109607 207270.5 737.77603 0 0 94 1099 -2 167 0 0 2414 1205 2.00 57.00 1.00 0.00 27.00
717.101 32957.611 1 1109585 207259.5 737.85703 -1 -1 94 1105 -2 166 0 0 2416 1208 8.00 52.00 3.00 0.00 26.00
717.201 32958.880 1 1109560 207247 737.9491 -1 -2 87 1110 -2 150 0 0 2414 1206 5.00 72.00 3.00 0.00 27.00
717.301 32960.176 1 1109538 207236 738.03013 0 0 88 1114 -3 155 0 0 2412 1203 8.00 49.00 1.00 0.00 31.00
717.401 32961.453 1 1109518 207226 738.10382 -1 0 86 1117 1 139 0 0 2409 1204 5.00 54.00 1.00 0.00 36.00
717.501 32962.738 1 1109496 207215 738.18488 -1 -2 91 1111 0 178 0 0 2415 1205 4.00 61.00 2.00 1.00 29.00
717.601 32964.016 1 1109472 207203 738.27334 0 -1 102 1113 3 182 0 0 2415 1204 6.00 67.00 3.00 2.00 37.00
717.701 32965.309 1 1109448 207191 738.36182 -1 -1 91 1112 2 143 0 0 2417 1204 8.00 54.00 4.00 1.00 34.00
717.801 32966.601 1 1109427 207180.5 738.43926 -1 -2 93 1122 1 142 0 0 2415 1207 7.00 41.00 2.00 1.00 22.00
717.901 32967.879 1 1109407 207170.5 738.51302 -1 -1 84 1127 -1 140 0 0 2413 1205 7.00 53.00 5.00 0.00 36.00
718.001 32969.162 1 1109385 207159.5 738.59417 -2 -1 80 1130 -4 165 0 0 2413 1205 8.00 52.00 2.00 0.00 27.00
718.101 32970.436 1 1109360 207147 738.68642 -1 0 91 1135 -1 130 0 0 2414 1204 3.00 62.00 1.00 3.00 30.00
718.201 32971.723 1 1109338 207136 738.76761 -2 -1 101 1139 0 172 0 0 2412 1206 10.00 56.00 4.00 3.00 38.00
718.301 32973.008 1 1109319 207126.5 738.83774 -1 0 98 1146 -1 138 0 0 2413 1204 4.00 52.00 2.00 0.00 36.00
718.401 32974.304 1 1109297 207115.5 738.91897 0 0 91 1162 1 171 0 0 2413 1205 6.00 73.00 5.00 0.00 30.00
718.501 32975.586 1 1109273 207103.5 739.00759 -1 -1 101 1168 -1 171 0 0 2413 1207 5.00 54.00 5.00 0.00 35.00
718.601 32976.871 1 1109249 207091.5 739.09624 -1 -1 103 1169 -1 179 0 0 2415 1210 7.00 65.00 4.00 1.00 33.00
718.701 32978.146 1 1109227 207080.5 739.17752 -1 -1 88 1177 -3 163 0 0 2416 1207 4.00 43.00 2.00 2.00 32.00
718.801 32979.434 1 1109206 207070 739.25512 0 0 85 1182 -3 171 0 0 2414 1208 8.00 42.00 3.00 1.00 25.00
718.901 32980.716 1 1109183 207058.5 739.34013 -1 -2 88 1181 -4 150 0 0 2415 1211 8.00 57.00 4.00 0.00 30.00
719.001 32981.995 1 1109158 207046 739.43255 -1 -1 99 1183 -1 176 0 0 2408 1210 5.00 55.00 2.00 0.00 37.00
719.101 32983.290 1 1109136 207035 739.5139 -1 -1 98 1177 -1 134 0 0 2411 1210 3.00 54.00 2.00 0.00 35.00
719.201 32984.573 1 1109117 207025.5 739.58418 -1 -1 91 1193 0 158 0 0 2416 1214 4.00 45.00 3.00 0.00 34.00
719.301 32985.885 1 1109095 207014.5 739.66556 -1 -1 101 1204 1 151 0 0 2417 1213 11.00 55.00 4.00 0.00 35.00
719.401 32987.182 1 1109070 207002 739.75806 -1 -1 100 1204 2 158 0 0 2412 1216 2.00 52.00 3.00 0.00 28.00
719.501 32988.465 1 1109047 206990.5 739.84318 -1 0 100 1196 -2 151 0 0 2413 1217 3.00 48.00 5.00 0.00 23.00
719.601 32989.841 1 1109026 206980 739.92092 -1 0 74 1199 0 168 0 0 2415 1218 4.00 51.00 1.00 0.00 36.00
719.701 32991.149 1 1109006 206970 739.99496 -1 -1 86 1195 0 141 0 0 2417 1222 5.00 53.00 3.00 0.00 34.00
719.801 32992.452 1 1108983 206958.5 740.08014 -2 0 96 1203 -3 163 0 0 2416 1226 12.00 68.00 5.00 0.00 31.00
719.901 32993.746 1 1108958 206946 740.17274 -1 0 96 1184 -1 167 0 0 2415 1231 7.00 52.00 8.00 0.00 28.00
720.001 32995.035 1 1108937 206935.5 740.25054 0 2 107 1201 -3 203 0 0 2416 1236 6.00 64.00 6.00 0.00 36.00
720.101 32996.328 1 1108917 206925.5 740.32465 0 1 105 1194 0 189 0 0 2411 1240 3.00 65.00 5.00 0.00 39.00
720.201 32997.623 1 1108895 206914.5 740.40619 -2 -1 106 1201 -1 192 0 0 2418 1252 6.00 84.00 6.00 0.00 34.00
720.301 32998.924 1 1108871 206902.5 740.49517 -1 1 108 1199 -1 213 0 0 2415 1255 2.00 63.00 4.00 0.00 30.00
720.401 33000.217 1 1108848 206891 740.58045 0 0 117 1197 -1 190 0 0 2417 1264 7.00 72.00 5.00 0.00 28.00
720.501 33001.508 1 1108827 206880.5 740.65834 -1 1 120 1187 0 191 0 0 2415 1269 5.00 50.00 4.00 0.00 25.00
720.601 33002.813 1 1108806 206870 740.73624 -1 1 120 1189 1 201 0 0 2413 1274 4.00 69.00 5.00 0.00 38.00
720.701 33004.092 1 1108783 206858.5 740.82158 -1 1 121 1177 1 220 0 0 2415 1283 7.00 80.00 10.00 1.00 29.00
720.801 33005.384 1 1108758 206846 740.91436 -1 2 128 1188 2 195 0 0 2416 1288 7.00 84.00 11.00 0.00 35.00
720.901 33006.678 1 1108736 206835 740.99602 -1 0 130 1180 1 241 0 0 2418 1297 3.00 96.00 9.00 0.00 31.00
721.001 33007.960 1 1108716 206825 741.07028 -1 0 141 1183 2 216 0 0 2420 1304 5.00 89.00 8.00 1.00 22.00
721.101 33009.245 1 1108694 206814 741.15198 0 1 140 1177 2 242 0 0 2415 1305 6.00 99.00 7.00 0.00 33.00
721.201 33010.538 1 1108670 206802 741.24112 -1 0 152 1180 2 234 0 0 2418 1310 6.00 93.00 12.00 1.00 21.00
721.301 33011.832 1 1108647 206790.5 741.32657 -1 1 144 1177 1 256 0 0 2418 1312 5.00 93.00 6.00 3.00 26.00
721.401 33013.107 1 1108626 206780 741.40461 -1 0 139 1164 -1 256 0 0 2418 1310 4.00 97.00 10.00 0.00 32.00
721.501 33014.394 1 1108606 206770 741.47895 0 0 138 1177 2 246 0 0 2416 1307 1.00 111.00 7.00 1.00 24.00
721.601 33015.676 1 1108584 206759 741.56073 -2 -2 144 1175 1 255 0 0 2420 1301 8.00 81.00 10.00 1.00 35.00
721.701 33016.953 1 1108560 206747 741.64997 -1 0 138 1168 0 234 0 0 2418 1293 6.00 86.00 10.00 1.00 23.00
721.801 33018.238 1 1108538 206736 741.7318 0 0 130 1162 -3 223 0 0 2414 1283 9.00 87.00 7.00 1.00 31.00
721.901 33019.581 1 1108519 206726.5 741.80247 -1 0 133 1162 -4 205 0 0 2418 1274 7.00 73.00 9.00 0.00 30.00
722.001 33020.874 1 1108497 206715.5 741.88433 -1 0 126 1168 -4 241 0 0 2416 1266 9.00 84.00 6.00 0.00 29.00
722.101 33022.146 1 1108473 206703.5 741.97365 -1 1 129 1161 -3 225 0 0 2417 1258 10.00 91.00 7.00 0.00 28.00
722.201 33023.432 1 1108450 206692 742.05926 0 -1 115 1168 -3 222 0 0 2424 1254 5.00 77.00 6.00 0.00 38.00
722.301 33024.712 1 1108428 206681 742.14117 0 -1 122 1166 -2 193 0 0 2429 1254 7.00 81.00 5.00 0.00 30.00
722.401 33026.010 1 1108408 206671 742.21565 -1 -1 127 1177 -3 203 0 0 2432 1253 6.00 76.00 4.00 1.00 28.00
722.501 33027.305 1 1108385 206659.5 742.30132 -1 -1 124 1179 -2 206 0 0 2435 1253 10.00 69.00 5.00 0.00 36.00
722.601 33028.596 1 1108360 206647 742.39445 -2 -2 115 1185 -4 214 0 0 2443 1256 6.00 76.00 5.00 0.00 24.00
722.701 33029.883 1 1108339 206636.5 742.47271 0 -1 116 1181 -4 204 0 0 2446 1255 8.00 67.00 1.00 0.00 29.00
722.801 33031.161 1 1108319 206626.5 742.54725 -1 -3 112 1190 -3 190 0 0 2455 1257 8.00 84.00 9.00 0.00 30.00
722.901 33032.438 1 1108297 206615.5 742.62926 -1 -1 106 1185 -6 196 0 0 2455 1255 1.00 86.00 1.00 0.00 27.00
723.001 33033.714 1 1108273 206603.5 742.71875 -1 -1 107 1194 -8 209 0 0 2453 1254 4.00 56.00 4.00 0.00 41.00
723.101 33035.010 1 1108249 206591.5 742.80826 -1 -2 117 1183 -7 200 0 0 2454 1255 6.00 72.00 6.00 0.00 36.00
723.201 33036.314 1 1108228 206581 742.8866 -1 -1 105 1182 -9 207 0 0 2455 1255 6.00 78.00 4.00 0.00 32.00
723.301 33037.599 1 1108208 206571 742.96123 -1 -1 108 1174 -9 204 0 0 2456 1256 8.00 59.00 11.00 0.00 34.00
723.401 33038.885 1 1108187 206560 743.04333 -1 0 112 1175 -9 158 0 0 2455 1252 4.00 64.00 5.00 0.00 27.00
723.501 33040.178 1 1108162 206548 743.13291 -1 1 111 1178 -10 195 0 0 2454 1251 10.00 77.00 7.00 1.00 38.00
723.601 33041.464 1 1108140 206537 743.21505 -1 0 114 1169 -9 238 0 0 2455 1253 5.00 68.00 4.00 1.00 35.00
723.701 33042.759 1 1108121 206527.5 743.286 -1 1 128 1174 -6 227 0 0 2455 1251 6.00 67.00 4.00 3.00 36.00
723.801 33044.059 1 1108100 206517 743.36444 0 0 112 1171 -4 184 0 0 2453 1251 3.00 66.00 5.00 0.00 33.00
723.901 33045.344 1 1108077 206505.5 743.45036 0 0 117 1162 -7 188 0 0 2454 1248 5.00 65.00 1.00 1.00 24.00
724.001 33046.631 1 1108053 206493.5 743.54004 1 0 115 1159 -7 227 0 0 2452 1248 11.00 72.00 5.00 0.00 33.00
724.101 33047.914 1 1108031 206482.5 743.62227 0 0 106 1171 -6 204 0 0 2453 1250 7.00 64.00 7.00 1.00 28.00
724.201 33049.209 1 1108010 206472 743.70077 -1 -1 109 1178 -7 170 0 0 2451 1247 6.00 67.00 8.00 0.00 34.00
724.301 33050.495 1 1107989 206461.5 743.77929 -1 -2 110 1180 -5 194 0 0 2453 1247 8.00 67.00 0.00 0.00 21.00
724.401 33051.787 1 1107963 206448.5 743.87653 -1 -1 111 1162 -2 215 0 0 2455 1246 5.00 76.00 4.00 0.00 35.00
724.501 33053.073 1 1107941 206437.5 743.95883 0 -1 116 1175 -3 178 0 0 2452 1244 6.00 65.00 3.00 0.00 31.00
724.601 33054.340 1 1107921 206427.5 744.03366 0 -1 111 1174 -3 227 0 0 2456 1243 3.00 64.00 7.00 1.00 31.00
724.701 33055.622 1 1107900 206417 744.11225 0 -1 111 1177 -4 197 0 0 2451 1241 7.00 53.00 6.00 0.00 34.00
724.801 33056.899 1 1107877 206405.5 744.19834 0 0 108 1172 -3 194 0 0 2455 1241 11.00 57.00 4.00 0.00 34.00
725.301 33058.309 1 1107763 206348.5 744.62534 0 0 117 1167 -4 168 0 0 2453 1237 3.00 77.00 3.00 0.00 36.00
725.801 33059.702 1 1107654 206294 745.03405 0 0 102 1174 -5 198 0 0 2451 1233 8.00 59.00 5.00 1.00 30.00
726.301 33061.074 1 1107541 206237.5 745.45822 1 1 103 1175 -4 160 0 0 2452 1230 8.00 54.00 3.00 0.00 29.00
726.801 33062.458 1 1107432 206183 745.86781 0 0 99 1184 -4 203 0 0 2448 1226 7.00 58.00 8.00 0.00 32.00
727.301 33063.834 1 1107325 206129.5 746.27032 -1 -1 101 1172 -3 176 0 0 2453 1224 4.00 44.00 1.00 0.00 28.00
727.801 33065.229 1 1107214 206074 746.68831 0 -1 91 1178 -4 162 0 0 2455 1224 4.00 47.00 2.00 0.00 37.00
728.301 33066.613 1 1107106 206020 747.09544 0 0 104 1191 -4 199 0 0 2451 1221 7.00 46.00 5.00 0.00 33.00
728.801 33068.010 1 1106998 205965.99 747.503 0 -1 105 1186 -5 180 0 0 2455 1221 9.00 43.00 3.00 1.00 31.00
729.301 33069.401 1 1106890 205911.99 747.91099 0 0 98 1189 -6 192 0 0 2452 1219 3.00 46.00 3.00 0.00 28.00
729.801 33070.783 1 1106779 205856.49 748.33076 0 0 103 1188 -6 202 0 0 2453 1218 6.00 46.00 2.00 1.00 27.00
730.301 33072.168 1 1106670 205801.99 748.74342 1 -1 102 1197 -8 160 0 0 2449 1216 4.00 48.00 4.00 0.00 41.00
730.801 33073.534 1 1106561 205747.49 749.15651 0 2 105 1209 -8 151 0 0 2452 1217 5.00 39.00 2.00 0.00 20.00
731.301 33074.903 1 1106454 205693.99 749.56245 1 1 106 1211 -8 153 0 0 2454 1217 8.00 44.00 2.00 1.00 35.00
731.801 33076.304 1 1106346 205639.99 749.97261 0 1 116 1207 -6 207 0 0 2454 1217 7.00 54.00 1.00 0.00 30.00
732.301 33077.698 1 1106237 205585.49 750.38701 1 1 112 1222 -5 164 0 0 2454 1215 9.00 44.00 3.00 0.00 33.00
732.801 33079.080 1 1106133 205533.49 750.78282 1 0 108 1218 -6 179 0 0 2456 1215 10.00 50.00 2.00 0.00 39.00
733.301 33080.460 1 1106024 205478.99 751.19809 0 1 96 1221 -4 177 0 0 2456 1214 7.00 42.00 4.00 2.00 39.00
733.801 33081.833 1 1105918 205425.99 751.60235 0 1 99 1222 -4 197 0 0 2458 1215 7.00 44.00 6.00 0.00 29.00
734.301 33083.210 1 1105810 205371.99 752.01468 1 2 91 1224 -4 172 0 0 2459 1212 5.00 46.00 5.00 0.00 27.00
734.801 33084.599 1 1105706 205319.99 752.41215 0 2 99 1232 -5 159 0 0 2461 1212 7.00 43.00 5.00 0.00 36.00
735.801 33086.100 1 1105488 205210.99 753.24662 0 2 104 1226 -4 162 0 0 2462 1214 4.00 39.00 4.00 1.00 31.00
736.801 33087.555 1 1105276 205104.99 754.05984 0 2 109 1228 -6 166 0 0 2466 1213 9.00 39.00 2.00 0.00 35.00
737.801 33088.999 1 1105060 204996.99 754.89015 0 1 107 1242 -8 130 0 0 2464 1214 7.00 41.00 6.00 0.00 34.00
738.801 33090.445 1 1104849 204891.49 755.70295 0 2 101 1254 -5 123 0 0 2463 1214 3.00 36.00 3.00 1.00 34.00
739.801 33091.920 1 1104635 204784.49 756.52903 1 1 107 1258 -5 131 0 0 2465 1213 8.00 37.00 5.00 0.00 41.00
740.801 33093.365 1 1104425 204679.49 757.34137 0 1 104 1265 -6 189 0 0 2466 1215 7.00 46.00 2.00 0.00 26.00
741.801 33094.811 1 1104215 204574.48 758.1554 -1 1 108 1261 -5 140 0 0 2470 1213 8.00 30.00 2.00 0.00 36.00
742.801 33096.293 1 1104007 204470.48 758.96335 0 2 100 1271 -5 141 0 0 2468 1214 7.00 34.00 4.00 0.00 23.00
743.801 33097.757 1 1103797 204365.48 759.78075 -1 1 101 1278 -5 148 0 0 2471 1213 8.00 30.00 7.00 0.00 41.00
744.801 33099.196 1 1103590 204261.98 760.58814 0 0 99 1278 -3 200 0 0 2470 1213 6.00 41.00 0.00 0.00 35.00
745.801 33100.641 1 1103381 204157.48 761.40502 -1 1 101 1285 -3 143 0 0 2471 1213 4.00 33.00 2.00 0.00 25.00
746.801 33102.101 1 1103173 204053.48 762.21968 0 2 99 1287 -6 178 0 0 2467 1211 6.00 37.00 4.00 0.00 31.00
747.801 33103.544 1 1102964 203948.98 763.03995 1 2 98 1290 -5 145 0 0 2467 1213 3.00 31.00 2.00 0.00 36.00
748.801 33105.014 1 1102757 203845.48 763.85405 0 2 108 1288 -6 128 0 0 2465 1211 6.00 29.00 5.00 0.00 28.00
749.801 33106.454 1 1102552 203742.98 764.66195 0 0 99 1289 -6 165 0 0 2467 1211 6.00 39.00 2.00 1.00 31.00
750.801 33107.904 1 1102346 203639.98 765.47545 -1 1 92 1293 -4 143 0 0 2462 1207 5.00 21.00 2.00 0.00 45.00
751.801 33109.343 1 1102143 203538.48 766.27875 -1 1 100 1289 -5 111 0 0 2466 1208 9.00 41.00 3.00 0.00 28.00
752.801 33110.785 1 1101935 203434.48 767.10352 -1 0 93 1305 -6 121 0 0 2463 1207 12.00 25.00 4.00 1.00 47.00
753.801 33112.232 1 1101733 203333.48 767.90614 0 1 100 1305 -5 114 0 0 2460 1206 12.00 35.00 3.00 0.00 32.00
754.801 33113.663 1 1101528 203230.97 768.72235 -1 1 90 1304 -5 168 0 0 2456 1203 5.00 42.00 3.00 0.00 36.00
755.801 33115.099 1 1101327 203130.47 769.52426 -1 2 99 1291 -4 147 0 0 2457 1203 4.00 29.00 2.00 0.00 36.00
756.801 33116.566 1 1101123 203028.47 770.3398 -1 2 86 1306 -5 145 0 0 2455 1205 5.00 43.00 0.00 0.00 23.00
757.801 33117.999 1 1100923 202928.47 771.14097 0 2 93 1306 -6 159 0 0 2454 1204 7.00 42.00 4.00 0.00 30.00
758.801 33119.435 1 1100720 202826.97 771.95581 -1 1 97 1322 -4 121 0 0 2451 1204 4.00 24.00 4.00 0.00 38.00
759.801 33120.889 1 1100520 202726.97 772.76023 -1 2 92 1313 -4 137 0 0 2447 1200 8.00 43.00 3.00 1.00 18.00
760.801 33122.336 1 1100319 202626.47 773.57031 -1 1 90 1310 -6 143 0 0 2443 1199 7.00 27.00 4.00 0.00 41.00
761.801 33123.790 1 1100121 202527.47 774.36991 -2 0 95 1317 -4 131 0 0 2447 1200 1.00 37.00 1.00 0.00 37.00
762.801 33125.245 1 1099920 202426.97 775.18326 -1 2 107 1319 -4 128 0 0 2440 1198 7.00 26.00 4.00 0.00 27.00
763.801 33126.688 1 1099723 202328.47 775.98203 0 1 97 1322 -5 154 0 0 2444 1198 10.00 40.00 4.00 0.00 36.00
764.801 33128.132 1 1099522 202227.97 776.79866 0 2 97 1322 -3 133 0 0 2441 1198 5.00 29.00 2.00 1.00 17.00
765.801 33129.579 1 1099325 202129.47 777.60065 -1 3 97 1328 -5 139 0 0 2441 1197 4.00 36.00 0.00 0.00 34.00
766.801 33131.023 1 1099126 202029.97 778.41241 0 2 90 1330 -5 142 0 0 2441 1197 10.00 28.00 6.00 0.00 40.00
767.801 33132.475 1 1098931 201932.47 779.20945 -1 0 102 1328 -6 118 0 0 2444 1197 10.00 32.00 6.00 0.00 39.00
768.801 33133.925 1 1098733 201833.46 780.02037 0 1 93 1347 -5 136 0 0 2445 1199 12.00 47.00 4.00 0.00 19.00
769.801 33135.370 1 1098540 201736.96 780.81238 1 2 88 1338 -4 126 0 0 2445 1197 10.00 26.00 1.00 0.00 23.00
770.801 33136.801 1 1098343 201638.46 781.62242 0 0 90 1337 -7 127 0 0 2448 1199 7.00 42.00 4.00 0.00 43.00
771.801 33138.243 1 1098148 201540.96 782.42583 1 -1 103 1348 -8 165 0 0 2446 1201 6.00 31.00 4.00 1.00 32.00
772.801 33139.678 1 1097952 201442.96 783.23497 0 0 93 1350 -7 129 0 0 2447 1201 1.00 31.00 2.00 2.00 44.00
773.801 33141.120 1 1097759 201346.46 784.03331 -1 0 91 1356 -8 136 0 0 2449 1203 6.00 21.00 2.00 0.00 49.00
774.801 33142.568 1 1097565 201249.46 784.83738 0 0 99 1353 -8 131 0 0 2450 1201 10.00 34.00 3.00 0.00 24.00
775.801 33144.026 1 1097373 201153.46 785.63473 -1 1 103 1375 -9 132 0 0 2450 1203 6.00 28.00 0.00 0.00 40.00
776.801 33145.523 1 1097181 201057.46 786.43365 0 0 100 1403 -10 126 0 0 2450 1203 2.00 33.00 0.00 1.00 33.00
777.801 33146.976 1 1096990 200961.96 787.22997 0 0 92 1542 -9 137 0 0 2445 1205 10.00 34.00 1.00 0.00 42.00
778.8015 33148.419 1 1096799 200866.46 788.02785 0 0 97 1532 -11 144 0 0 2445 1201 3.00 39.00 5.00 0.00 26.00
779.8015 33149.855 1 1096606 200769.96 788.83568 0 0 98 1458 -10 149 0 0 2443 1203 14.00 46.00 5.00 1.00 40.00
781.8015 33151.410 1 1096220 200576.96 790.45615 0 1 88 1418 -7 163 0 0 2443 1203 5.00 53.00 5.00 0.00 31.00
783.8015 33152.955 1 1095841 200387.45 792.05352 -1 0 107 1413 -10 153 0 0 2434 1201 11.00 38.00 1.00 0.00 32.00
785.8015 33154.485 1 1095467 200200.45 793.63595 -1 -1 102 1418 -8 134 0 0 2429 1199 14.00 41.00 2.00 1.00 34.00
787.8015 33156.014 1 1095093 200013.45 795.22451 -1 1 98 1421 -7 136 0 0 2420 1196 6.00 35.00 5.00 1.00 37.00
789.8015 33157.551 1 1094719 199826.45 796.81924 -1 1 86 1428 -6 134 0 0 2411 1195 9.00 35.00 1.00 0.00 29.00
791.8015 33159.076 1 1094347 199640.45 798.41159 0 1 91 1453 -4 134 0 0 2405 1192 5.00 47.00 5.00 0.00 37.00
793.8015 33160.607 1 1093980 199456.95 799.98859 -1 0 96 1470 -5 135 0 0 2402 1192 7.00 30.00 5.00 0.00 40.00
795.8015 33162.136 1 1093610 199271.95 801.5846 0 1 101 1442 -3 141 0 0 2396 1191 5.00 46.00 2.00 0.00 31.00
797.8015 33163.656 1 1093244 199088.94 803.16943 0 0 98 1420 -2 147 0 0 2392 1190 3.00 46.00 4.00 0.00 25.00
799.8015 33165.189 1 1092885 198909.44 804.72985 0 0 96 1426 -3 127 0 0 2386 1190 5.00 33.00 4.00 0.00 34.00
801.8015 33166.720 1 1092522 198727.94 806.31364 0 -1 98 1425 -3 141 0 0 2378 1189 5.00 32.00 5.00 0.00 38.00
803.8015 33168.246 1 1092160 198546.94 807.89909 0 1 96 1422 -3 150 0 0 2377 1188 10.00 42.00 2.00 0.00 32.00
805.8015 33169.791 1 1091801 198367.44 809.47738 -1 0 107 1430 -2 134 0 0 2370 1185 5.00 27.00 3.00 0.00 44.00
807.8015 33171.305 1 1091440 198186.94 811.07049 -1 0 96 1439 -1 121 0 0 2360 1184 6.00 35.00 2.00 0.00 28.00
809.8015 33172.827 1 1091090 198011.94 812.62087 0 1 100 1440 0 119 0 0 2351 1178 9.00 36.00 2.00 0.00 32.00
811.8015 33174.355 1 1090736 197834.94 814.19481 -1 0 103 1436 -2 147 0 0 2344 1177 7.00 36.00 6.00 1.00 35.00
813.8015 33175.888 1 1090384 197658.93 815.76573 -1 -1 105 1439 -3 142 0 0 2335 1174 5.00 49.00 4.00 2.00 31.00
815.8015 33177.410 1 1090030 197481.93 817.35151 -1 1 107 1439 -4 149 0 0 2329 1171 11.00 38.00 3.00 0.00 36.00
817.8015 33178.935 1 1089686 197309.93 818.89823 -1 -1 108 1441 -3 161 0 0 2323 1167 6.00 37.00 4.00 0.00 35.00
819.8015 33180.471 1 1089338 197135.93 820.46871 -2 0 112 1443 -4 124 0 0 2315 1164 5.00 34.00 4.00 1.00 31.00
821.8015 33182.007 1 1088993 196963.43 822.03142 0 1 140 1442 -5 138 0 0 2305 1159 9.00 37.00 2.00 2.00 32.00
823.8015 33183.552 1 1088642 196787.93 823.62724 -1 1 167 1442 -6 122 0 0 2298 1158 11.00 32.00 4.00 0.00 33.00
825.8015 33185.071 1 1088305 196619.43 825.16507 -1 -1 155 1446 -5 119 0 0 2294 1156 3.00 44.00 6.00 0.00 25.00
827.8015 33186.577 1 1087964 196448.93 826.72683 -1 0 150 1434 -4 147 0 0 2282 1151 5.00 35.00 4.00 0.00 32.00
829.8015 33188.090 1 1087621 196277.42 828.30354 -1 0 148 1443 -3 163 0 0 2274 1147 7.00 52.00 3.00 0.00 24.00
