#S 237  tes_d45_z2.5_Compd_1_237.
#D Thu Jul 14 23:16:45 2022
#T 1  (Seconds)
#P0 26.8115 17.330455 14.069723 0.04 0 28.5 19.14 -12.799757
#P1 0.039715762 0 0.0075 0 0 -9.033 -7.637 481.95
#P2 44.996696 1821 196115 829.8015 1.9101244 365.0064 15.7001 4.3276
#P3 23.82 19.1411 0 0 28.1 30.1 31.4 32.2045
#P4 20.95 100 -698.11225 20 
#L MONO  Epoch  Seconds  QUAD_ENC  GRATING_ENC  ENERGY_ENC  CMACT  CH  FY  REF  I1  testfy  CTEMP  SAMPLEZ_ENC  I0  SC  CK  FeLab  FeLln  NK  OK
690.001 33637.911 1 1115871 210402.53 715.3914 0 -1 69 873 -2 133 0 0 2328 1114 9.00 36.00 0.00 0.00 41.00
690.801 33639.358 1 1115681 210307.53 716.05107 -1 -4 70 881 -5 117 0 0 2337 1118 8.00 45.00 0.00 1.00 28.00
691.601 33640.793 1 1115487 210210.53 716.72584 -1 -2 79 893 -3 147 0 0 2338 1119 9.00 45.00 3.00 1.00 39.00
692.401 33642.257 1 1115297 210115.52 717.38788 -1 -3 73 903 -3 135 0 0 2343 1116 8.00 35.00 0.00 0.00 35.00
693.201 33643.710 1 1115103 210018.52 718.06508 -1 -3 68 901 -4 135 0 0 2347 1118 8.00 43.00 0.00 0.00 34.00
694.001 33645.152 1 1114913 209923.52 718.72952 0 -2 76 910 -6 138 0 0 2352 1117 11.00 38.00 0.00 0.00 41.00
694.801 33646.583 1 1114719 209826.52 719.40917 -1 -1 83 921 -4 132 0 0 2356 1118 7.00 43.00 0.00 0.00 36.00
695.301 33647.976 1 1114602 209768.02 719.81966 -1 -2 91 922 -7 120 0 0 2357 1120 8.00 50.00 1.00 1.00 28.00
695.801 33649.343 1 1114486 209710.02 720.22709 -1 -3 80 929 -6 115 0 0 2360 1119 6.00 42.00 0.00 0.00 34.00
696.301 33650.732 1 1114364 209649.02 720.65607 -1 -3 78 929 -6 127 0 0 2362 1117 5.00 44.00 1.00 1.00 34.00
696.801 33652.108 1 1114242 209588.02 721.08554 0 -2 78 926 -8 132 0 0 2364 1118 5.00 35.00 0.00 0.00 38.00
697.301 33653.514 1 1114128 209531.02 721.4873 0 -2 66 933 -7 115 0 0 2365 1117 4.00 27.00 0.00 1.00 30.00
697.801 33654.927 1 1114009 209471.52 721.90715 0 -3 65 934 -8 144 0 0 2368 1117 6.00 48.00 0.00 0.00 29.00
698.301 33656.303 1 1113894 209414.02 722.31686 -1 -4 76 934 -6 122 0 0 2369 1117 5.00 37.00 0.00 0.00 30.00
698.801 33657.685 1 1113776 209355.02 722.73056 -1 -5 71 948 -5 129 0 0 2370 1116 3.00 45.00 1.00 0.00 30.00
699.301 33659.073 1 1113657 209295.52 723.1518 -1 -4 74 954 -6 142 0 0 2373 1118 5.00 34.00 0.00 1.00 40.00
699.801 33660.467 1 1113541 209237.52 723.56287 -1 -4 74 961 -7 137 0 0 2375 1118 4.00 32.00 0.00 0.00 32.00
700.001 33661.782 1 1113496 209215.02 723.72246 -2 -5 72 962 -5 126 0 0 2377 1116 4.00 29.00 0.00 0.00 34.00
700.201 33663.097 1 1113446 209190.02 723.89986 -1 -4 63 973 -4 114 0 0 2380 1118 6.00 50.00 0.00 1.00 34.00
700.401 33664.419 1 1113403 209168.52 724.0525 0 -3 73 971 -6 119 0 0 2377 1117 6.00 41.00 0.00 0.00 29.00
700.601 33665.752 1 1113356 209145.02 724.2194 -1 -4 69 968 -6 136 0 0 2378 1118 4.00 34.00 0.00 1.00 41.00
700.801 33667.082 1 1113313 209123.52 724.37216 -2 -4 75 977 -9 122 0 0 2376 1117 5.00 33.00 1.00 1.00 33.00
701.001 33668.393 1 1113264 209099.02 724.54632 -2 -5 72 971 -9 125 0 0 2378 1116 6.00 42.00 1.00 1.00 26.00
701.201 33669.725 1 1113217 209075.52 724.71344 -1 -5 73 970 -6 128 0 0 2378 1115 4.00 35.00 0.00 0.00 35.00
701.401 33671.039 1 1113171 209052.52 724.87708 -1 -4 66 970 -5 132 0 0 2377 1116 9.00 18.00 0.00 0.00 43.00
701.601 33672.353 1 1113125 209029.52 725.04079 -2 -3 73 978 -4 108 0 0 2377 1114 9.00 26.00 0.00 0.00 29.00
701.801 33673.670 1 1113078 209006.02 725.20457 -1 -3 68 972 -2 129 0 0 2380 1114 7.00 41.00 0.00 2.00 29.00
702.001 33674.977 1 1113029 208981.52 725.38268 -2 -4 67 969 -3 116 0 0 2382 1115 11.00 39.00 0.00 0.00 29.00
702.201 33676.318 1 1112988 208961.02 725.52879 -1 -3 69 982 -3 140 0 0 2380 1112 4.00 30.00 1.00 0.00 37.00
702.401 33677.630 1 1112939 208936.52 725.70348 -1 -3 70 966 -5 113 0 0 2377 1112 7.00 30.00 0.00 1.00 33.00
702.601 33678.938 1 1112896 208915.02 725.85685 -1 -3 68 978 -4 119 0 0 2382 1114 2.00 32.00 3.00 0.00 34.00
702.801 33680.278 1 1112845 208889.52 726.03883 0 -3 67 976 -7 129 0 0 2380 1114 9.00 27.00 1.00 0.00 24.00
702.901 33681.574 1 1112823 208878.52 726.11736 0 -3 65 978 -6 135 0 0 2384 1114 8.00 40.00 0.00 1.00 38.00
703.001 33682.858 1 1112803 208868.52 726.18876 -1 -2 64 974 -4 105 0 0 2381 1113 7.00 19.00 0.00 0.00 30.00
703.101 33684.141 1 1112779 208856.52 726.27447 -1 -2 64 971 -5 97 0 0 2382 1115 5.00 28.00 1.00 0.00 28.00
703.201 33685.423 1 1112754 208844.02 726.36376 -1 -2 67 981 -7 119 0 0 2383 1112 1.00 35.00 0.00 0.00 39.00
703.301 33686.713 1 1112731 208832.52 726.44593 -1 -2 63 974 -7 91 0 0 2384 1114 4.00 37.00 1.00 1.00 35.00
703.401 33687.997 1 1112710 208822.02 726.52097 -2 -4 71 979 -4 142 0 0 2385 1114 7.00 37.00 1.00 0.00 38.00
703.501 33689.278 1 1112687 208810.52 726.60318 -1 -1 65 979 -3 117 0 0 2380 1113 4.00 30.00 2.00 0.00 28.00
703.601 33690.564 1 1112661 208797.52 726.69613 0 -1 68 979 -4 104 0 0 2382 1115 5.00 31.00 0.00 1.00 40.00
703.701 33691.857 1 1112637 208785.52 726.78195 -2 -1 71 995 -6 134 0 0 2381 1115 9.00 41.00 1.00 0.00 31.00
703.801 33693.153 1 1112616 208775.02 726.85705 -1 -1 62 997 -7 129 0 0 2385 1116 6.00 28.00 0.00 1.00 36.00
703.901 33694.444 1 1112595 208764.52 726.93218 -1 -1 63 1001 -5 117 0 0 2383 1116 8.00 43.00 1.00 0.00 37.00
704.001 33695.732 1 1112570 208752.02 727.02163 -1 -2 62 1007 -4 99 0 0 2383 1116 12.00 31.00 1.00 0.00 26.00
704.101 33697.029 1 1112545 208739.51 727.1111 -2 -2 64 994 -4 130 0 0 2384 1117 5.00 33.00 1.00 0.00 37.00
704.201 33698.314 1 1112525 208729.51 727.18269 0 -2 70 1001 -4 114 0 0 2381 1116 7.00 25.00 0.00 0.00 34.00
704.301 33699.602 1 1112503 208718.51 727.26146 -1 -3 65 1001 -5 110 0 0 2381 1118 10.00 22.00 0.00 0.00 32.00
704.401 33700.898 1 1112479 208706.51 727.34741 -1 -3 64 995 -8 127 0 0 2381 1115 6.00 34.00 0.00 0.00 36.00
704.501 33702.184 1 1112454 208694.01 727.43696 0 -2 64 1008 -10 109 0 0 2383 1116 12.00 24.00 0.00 0.00 34.00
704.601 33703.467 1 1112431 208682.51 727.51937 -1 -3 60 1015 -9 131 0 0 2383 1118 7.00 26.00 0.00 0.00 37.00
704.701 33704.753 1 1112409 208671.51 727.59821 -2 -4 71 1017 -10 111 0 0 2383 1118 6.00 26.00 1.00 0.00 32.00
704.801 33706.049 1 1112387 208660.51 727.67706 0 -2 63 1025 -7 119 0 0 2381 1118 6.00 26.00 2.00 0.00 29.00
704.901 33707.333 1 1112360 208647.01 727.77386 -1 -1 54 1027 -7 109 0 0 2383 1114 9.00 28.00 0.00 0.00 41.00
705.001 33708.620 1 1112337 208635.51 727.85634 0 -1 54 1030 -6 103 0 0 2381 1117 8.00 18.00 0.00 0.00 33.00
705.101 33709.903 1 1112317 208625.51 727.92807 -1 -3 57 1034 -5 94 0 0 2383 1119 7.00 30.00 1.00 0.00 31.00
705.201 33711.185 1 1112293 208613.51 728.01417 -1 -3 52 1042 -7 106 0 0 2382 1118 5.00 37.00 2.00 0.00 31.00
705.301 33712.473 1 1112268 208601.01 728.10388 0 -3 52 1050 -6 126 0 0 2380 1118 12.00 20.00 0.00 0.00 35.00
705.401 33713.750 1 1112243 208588.51 728.19361 -1 -2 70 1065 -6 103 0 0 2378 1120 3.00 27.00 0.00 0.00 25.00
705.501 33715.054 1 1112222 208578.01 728.269 0 -1 67 1066 -4 138 0 0 2378 1123 15.00 34.00 3.00 0.00 33.00
705.601 33716.357 1 1112202 208568.01 728.34082 -1 -4 75 1079 -7 111 0 0 2380 1124 7.00 26.00 1.00 0.00 31.00
705.701 33717.641 1 1112178 208556.01 728.42701 -1 -2 77 1103 -7 120 0 0 2376 1131 8.00 39.00 4.00 2.00 33.00
705.801 33718.918 1 1112154 208544.01 728.51323 -1 -2 85 1112 -6 106 0 0 2375 1141 5.00 19.00 1.00 0.00 39.00
705.901 33720.219 1 1112133 208533.51 728.58868 -1 -2 82 1123 -5 140 0 0 2375 1148 8.00 36.00 1.00 0.00 35.00
706.001 33721.502 1 1112112 208523.01 728.66415 0 -1 86 1136 -6 138 0 0 2374 1152 8.00 38.00 0.00 0.00 28.00
706.101 33722.784 1 1112089 208511.51 728.74682 -2 -2 81 1167 -5 143 0 0 2372 1147 6.00 40.00 2.00 0.00 32.00
706.201 33724.056 1 1112063 208498.51 728.8403 -1 -2 71 1189 -6 139 0 0 2374 1140 6.00 36.00 3.00 0.00 28.00
706.301 33725.344 1 1112039 208486.51 728.92661 -1 -2 71 1210 -4 133 0 0 2373 1132 4.00 31.00 1.00 0.00 45.00
706.401 33726.636 1 1112017 208475.51 729.00574 -1 -2 71 1228 -6 109 0 0 2378 1132 6.00 32.00 1.00 0.00 34.00
706.501 33727.903 1 1111996 208465.01 729.08129 0 -3 76 1247 -5 113 0 0 2377 1129 4.00 21.00 3.00 3.00 32.00
706.601 33729.187 1 1111970 208452.01 729.17486 -1 -4 74 1259 -6 104 0 0 2376 1129 3.00 25.00 1.00 0.00 34.00
706.701 33730.469 1 1111944 208439.01 729.26844 0 -3 76 1280 -6 102 0 0 2378 1130 6.00 22.00 2.00 0.00 23.00
706.801 33731.763 1 1111925 208429.51 729.33684 -1 -3 67 1278 -5 136 0 0 2383 1133 5.00 24.00 3.00 0.00 30.00
706.901 33733.034 1 1111903 208419.01 729.41246 -1 -4 76 1288 -3 104 0 0 2384 1138 10.00 23.00 2.00 0.00 27.00
707.001 33734.323 1 1111879 208406.51 729.5025 0 -2 64 1291 -4 128 0 0 2387 1143 7.00 25.00 4.00 0.00 38.00
707.101 33735.610 1 1111855 208394.51 729.58896 -1 -2 58 1283 -3 131 0 0 2388 1152 5.00 48.00 2.00 1.00 22.00
707.201 33736.904 1 1111832 208383.01 729.67184 -1 -2 69 1264 -1 107 0 0 2389 1158 7.00 19.00 4.00 0.00 32.00
707.301 33738.197 1 1111811 208372.51 729.74753 -1 0 73 1261 -3 140 0 0 2390 1168 2.00 29.00 4.00 0.00 32.00
707.401 33739.493 1 1111789 208361.51 729.82683 -1 -1 69 1243 -3 123 0 0 2389 1181 10.00 30.00 3.00 1.00 38.00
707.501 33740.773 1 1111763 208348.51 729.92058 0 0 76 1221 -4 164 0 0 2392 1199 8.00 51.00 5.00 0.00 50.00
707.601 33742.059 1 1111740 208337.01 730.00353 0 0 87 1212 -6 151 0 0 2387 1219 7.00 59.00 6.00 0.00 23.00
707.701 33743.355 1 1111721 208327.51 730.07206 -2 -1 93 1199 -4 162 0 0 2389 1237 6.00 49.00 9.00 0.00 27.00
707.801 33744.631 1 1111699 208316.51 730.15505 -3 -2 97 1180 -6 180 0 0 2395 1254 8.00 56.00 7.00 0.00 40.00
707.901 33745.907 1 1111673 208303.51 730.24526 -1 -1 110 1166 -5 160 0 0 2392 1264 3.00 56.00 8.00 1.00 27.00
708.001 33747.187 1 1111649 208291.51 730.33189 0 -1 115 1157 -5 190 0 0 2395 1274 3.00 58.00 8.00 0.00 40.00
708.101 33748.491 1 1111627 208280.51 730.41132 -2 -3 129 1161 -6 211 0 0 2392 1281 4.00 73.00 9.00 0.00 32.00
708.201 33749.789 1 1111606 208270.01 730.48716 -2 -2 124 1152 -7 193 0 0 2396 1290 3.00 81.00 12.00 1.00 30.00
708.301 33751.094 1 1111582 208258.01 730.57384 -1 -1 131 1138 -8 228 0 0 2397 1295 9.00 88.00 9.00 1.00 28.00
708.401 33752.381 1 1111557 208245.51 730.66416 0 -2 146 1144 -8 261 0 0 2396 1297 9.00 95.00 10.00 0.00 30.00
708.501 33753.666 1 1111534 208234.01 730.74727 0 -2 141 1132 -6 232 0 0 2398 1304 9.00 79.00 4.00 0.00 27.00
708.601 33754.954 1 1111513 208223.51 730.82317 -1 -1 164 1117 -5 260 0 0 2397 1310 7.00 99.00 12.00 1.00 35.00
708.701 33756.239 1 1111490 208212.01 730.90632 -1 -2 174 1127 -4 272 0 0 2397 1325 4.00 110.00 12.00 0.00 33.00
708.801 33757.533 1 1111465 208199.51 730.99672 -2 -3 177 1131 -3 275 0 0 2402 1345 5.00 108.00 8.00 0.00 30.00
708.901 33758.818 1 1111441 208187.51 731.08352 -1 -3 189 1125 -5 272 0 0 2400 1346 5.00 89.00 13.00 0.00 25.00
709.001 33760.112 1 1111420 208177.01 731.15949 -1 -2 185 1119 -6 260 0 0 2399 1338 2.00 108.00 10.00 1.00 26.00
709.101 33761.394 1 1111400 208167.01 731.23185 -1 -3 186 1130 -5 286 0 0 2395 1322 5.00 91.00 12.00 1.00 32.00
709.201 33762.693 1 1111375 208154.51 731.32233 -1 -3 175 1122 -4 257 0 0 2400 1296 10.00 104.00 7.00 0.00 25.00
709.301 33763.982 1 1111352 208143.01 731.40559 -1 -3 164 1120 -4 254 0 0 2402 1271 5.00 112.00 16.00 0.00 30.00
709.401 33765.256 1 1111331 208132.51 731.48162 0 -2 146 1114 -5 266 0 0 2400 1242 5.00 95.00 9.00 0.00 35.00
709.501 33766.549 1 1111310 208122.01 731.55767 -1 -3 116 1120 -7 198 0 0 2402 1225 5.00 87.00 6.00 0.00 26.00
709.601 33767.845 1 1111287 208110.51 731.64097 -1 -3 126 1130 -6 225 0 0 2400 1208 4.00 69.00 6.00 0.00 36.00
709.701 33769.147 1 1111261 208097.51 731.73517 -1 -2 122 1114 -5 236 0 0 2404 1200 10.00 83.00 3.00 0.00 25.00
709.801 33770.424 1 1111238 208086.01 731.81852 -2 -4 117 1106 -4 224 0 0 2402 1199 9.00 58.00 3.00 0.00 27.00
709.901 33771.720 1 1111216 208075.01 731.89826 -1 -3 110 1098 -5 221 0 0 2404 1197 3.00 76.00 5.00 0.00 22.00
710.001 33773.014 1 1111195 208064.51 731.97439 -2 -2 113 1113 -5 190 0 0 2404 1195 4.00 77.00 5.00 0.00 31.00
710.101 33774.305 1 1111168 208051.01 732.0723 -1 -2 105 1100 -4 219 0 0 2408 1194 2.00 67.00 6.00 1.00 42.00
710.201 33775.601 1 1111144 208039.01 732.15935 0 -2 103 1098 -2 206 0 0 2405 1193 5.00 71.00 8.00 1.00 25.00
710.301 33776.889 1 1111124 208029.01 732.2319 0 -3 106 1100 -3 205 0 0 2406 1193 4.00 69.00 2.00 0.00 34.00
710.401 33778.190 1 1111103 208018.51 732.3081 0 -3 110 1095 -6 190 0 0 2405 1193 5.00 59.00 4.00 0.00 27.00
710.501 33779.474 1 1111078 208006.01 732.39883 -2 -5 105 1086 -6 177 0 0 2409 1196 4.00 67.00 9.00 0.00 32.00
710.601 33780.763 1 1111054 207994.01 732.48596 -1 -3 96 1093 -8 185 0 0 2407 1194 5.00 70.00 4.00 1.00 30.00
710.701 33782.048 1 1111032 207983.01 732.56584 -1 -3 117 1089 -8 186 0 0 2406 1194 3.00 76.00 7.00 0.00 36.00
710.801 33783.357 1 1111011 207972.51 732.64211 -2 -4 128 1104 -8 191 0 0 2407 1194 8.00 65.00 2.00 0.00 35.00
710.901 33784.652 1 1110989 207961.51 732.72202 -1 -3 120 1107 -6 205 0 0 2406 1193 7.00 71.00 7.00 1.00 42.00
711.001 33785.925 1 1110963 207948.51 732.81649 0 -3 112 1095 -2 205 0 0 2408 1196 4.00 68.00 3.00 0.00 29.00
711.101 33787.209 1 1110941 207937.51 732.89644 0 -3 111 1093 -4 190 0 0 2409 1193 11.00 50.00 2.00 0.00 34.00
711.201 33788.547 1 1110922 207928.01 732.9655 -1 -4 113 1093 -4 172 0 0 2407 1193 8.00 42.00 6.00 2.00 24.00
711.301 33789.847 1 1110900 207917.01 733.04548 0 -4 107 1072 -5 170 0 0 2411 1192 7.00 72.00 5.00 1.00 38.00
711.401 33791.130 1 1110875 207904.51 733.13639 -1 -5 106 1086 -6 197 0 0 2410 1191 7.00 74.00 4.00 1.00 28.00
711.501 33792.409 1 1110851 207892.51 733.22368 -1 -6 116 1087 -4 195 0 0 2415 1192 7.00 62.00 5.00 0.00 40.00
711.601 33793.708 1 1110829 207881.51 733.30372 -1 -4 108 1082 -5 191 0 0 2408 1188 8.00 75.00 6.00 0.00 26.00
711.701 33794.984 1 1110808 207871.01 733.38013 -1 -4 107 1078 -4 215 0 0 2409 1186 2.00 59.00 8.00 1.00 38.00
711.801 33796.269 1 1110784 207859.01 733.46748 -1 -3 108 1074 -4 192 0 0 2409 1188 6.00 64.00 8.00 0.00 28.00
712.001 33797.605 1 1110735 207834.51 733.64588 -1 -2 107 1079 -3 185 0 0 2412 1187 5.00 58.00 3.00 0.00 31.00
712.201 33798.916 1 1110691 207812.51 733.80615 -1 -2 112 1066 -4 210 0 0 2411 1184 8.00 63.00 2.00 0.00 34.00
712.401 33800.233 1 1110642 207788.01 733.98471 0 -1 113 1078 -6 163 0 0 2410 1179 5.00 74.00 9.00 0.00 30.00
712.601 33801.540 1 1110601 207767.51 734.13418 -1 -2 106 1075 -4 172 0 0 2409 1178 7.00 73.00 6.00 0.00 22.00
712.801 33802.861 1 1110554 207744.01 734.3056 -2 -2 106 1075 -4 187 0 0 2414 1175 8.00 68.00 1.00 0.00 28.00
713.001 33804.183 1 1110512 207723.01 734.45885 -1 -2 104 1073 -6 228 0 0 2416 1173 9.00 67.00 4.00 0.00 27.00
713.201 33805.500 1 1110464 207699.01 734.63406 -2 -4 108 1078 -5 200 0 0 2417 1167 2.00 60.00 5.00 1.00 43.00
713.401 33806.824 1 1110418 207676.01 734.80206 0 -1 115 1084 -4 176 0 0 2414 1166 9.00 58.00 4.00 1.00 26.00
713.601 33808.140 1 1110371 207652.51 734.97377 0 -1 103 1091 -4 191 0 0 2413 1162 6.00 65.00 6.00 0.00 33.00
713.801 33809.471 1 1110326 207630.01 735.13826 -2 -3 101 1101 -4 205 0 0 2418 1163 9.00 58.00 3.00 0.00 31.00
714.001 33810.786 1 1110281 207607.51 735.30282 0 0 104 1099 -4 184 0 0 2421 1160 8.00 63.00 4.00 0.00 30.00
714.201 33812.101 1 1110234 207584.01 735.47476 -1 -1 111 1091 -4 195 0 0 2420 1156 5.00 67.00 4.00 0.00 22.00
714.401 33813.413 1 1110193 207563.51 735.62482 -1 -1 102 1090 -5 213 0 0 2419 1158 6.00 56.00 1.00 0.00 23.00
714.601 33814.736 1 1110145 207539.51 735.80057 -1 -1 94 1096 -4 183 0 0 2418 1155 3.00 65.00 4.00 0.00 38.00
714.801 33816.059 1 1110105 207519.01 735.95076 -1 0 91 1087 -6 195 0 0 2418 1156 9.00 70.00 3.00 0.00 29.00
715.001 33817.374 1 1110056 207495.01 736.12666 0 0 90 1093 -4 192 0 0 2415 1153 5.00 60.00 6.00 0.00 27.00
715.201 33818.701 1 1110012 207473.01 736.28798 -1 -1 100 1093 -5 191 0 0 2420 1155 7.00 69.00 2.00 1.00 35.00
715.401 33820.024 1 1109964 207449.01 736.46404 -1 0 100 1090 -8 202 0 0 2417 1155 3.00 73.00 4.00 0.00 35.00
715.601 33821.355 1 1109921 207427.51 736.62183 -1 -1 86 1088 -6 192 0 0 2420 1153 8.00 65.00 3.00 0.00 25.00
715.801 33822.678 1 1109875 207404.51 736.7907 -2 -1 88 1091 -7 219 0 0 2419 1154 7.00 86.00 4.00 0.00 26.00
716.001 33823.988 1 1109829 207381.51 736.95964 -1 -2 99 1092 -7 185 0 0 2418 1154 8.00 72.00 6.00 0.00 35.00
716.201 33825.318 1 1109787 207360.5 737.11396 -1 0 95 1095 -5 167 0 0 2417 1153 7.00 63.00 3.00 0.00 32.00
716.401 33826.632 1 1109740 207337 737.28672 -2 1 85 1099 -4 183 0 0 2422 1150 6.00 63.00 2.00 0.00 28.00
716.601 33827.959 1 1109698 207316 737.44117 -1 0 95 1103 -5 167 0 0 2418 1151 7.00 66.00 3.00 0.00 28.00
716.801 33829.294 1 1109650 207292 737.61777 -1 0 96 1091 -2 151 0 0 2421 1151 6.00 58.00 1.00 0.00 25.00
716.901 33830.589 1 1109627 207280.5 737.70241 0 0 86 1098 -4 146 0 0 2420 1152 4.00 51.00 6.00 0.00 31.00
717.001 33831.876 1 1109607 207270.5 737.77603 -1 -1 86 1097 -4 133 0 0 2419 1153 5.00 45.00 5.00 0.00 40.00
717.101 33833.163 1 1109585 207259.5 737.85703 0 -1 81 1098 -4 114 0 0 2423 1152 5.00 53.00 2.00 0.00 35.00
717.201 33834.437 1 1109559 207246.5 737.95278 0 0 88 1110 -5 160 0 0 2418 1148 5.00 50.00 3.00 0.00 31.00
717.301 33835.755 1 1109538 207236 738.03013 -1 -1 84 1104 -2 159 0 0 2422 1150 8.00 40.00 2.00 0.00 40.00
717.401 33837.065 1 1109518 207226 738.10382 0 0 87 1102 -2 166 0 0 2423 1149 8.00 47.00 3.00 0.00 36.00
717.501 33838.355 1 1109496 207215 738.18488 -1 0 91 1112 -3 161 0 0 2421 1151 0.00 45.00 4.00 0.00 30.00
717.601 33839.657 1 1109472 207203 738.27334 0 0 94 1101 -5 136 0 0 2423 1149 6.00 47.00 3.00 0.00 22.00
717.701 33840.928 1 1109448 207191 738.36182 -1 -1 85 1116 -4 159 0 0 2421 1150 5.00 41.00 1.00 0.00 26.00
717.801 33842.225 1 1109427 207180.5 738.43926 0 -1 93 1118 -5 128 0 0 2420 1150 5.00 46.00 6.00 0.00 35.00
717.901 33843.563 1 1109407 207170.5 738.51302 0 -1 93 1123 -3 156 0 0 2421 1148 5.00 45.00 7.00 0.00 29.00
718.001 33844.855 1 1109385 207159.5 738.59417 -1 -1 82 1121 -4 160 0 0 2422 1151 9.00 62.00 0.00 0.00 38.00
718.101 33846.162 1 1109360 207147 738.68642 0 -1 92 1134 -5 152 0 0 2421 1152 9.00 38.00 2.00 0.00 34.00
718.201 33847.440 1 1109338 207136 738.76761 -1 -2 91 1150 -4 139 0 0 2422 1152 3.00 57.00 3.00 0.00 34.00
718.301 33848.723 1 1109319 207126.5 738.83774 -1 -2 90 1145 -5 161 0 0 2420 1152 3.00 53.00 2.00 0.00 37.00
718.401 33850.011 1 1109297 207115.5 738.91897 -1 -1 80 1154 -4 138 0 0 2419 1152 5.00 45.00 2.00 1.00 25.00
718.501 33851.297 1 1109273 207103.5 739.00759 -1 0 89 1162 -5 127 0 0 2422 1154 5.00 40.00 5.00 0.00 31.00
718.601 33852.579 1 1109249 207091.5 739.09624 -1 -1 89 1173 -3 152 0 0 2418 1156 5.00 46.00 1.00 0.00 37.00
718.701 33853.871 1 1109227 207080.5 739.17752 -1 -2 84 1188 -1 141 0 0 2417 1157 6.00 63.00 1.00 0.00 26.00
718.801 33855.153 1 1109206 207070 739.25512 -1 -2 84 1190 -3 192 0 0 2419 1158 4.00 46.00 3.00 0.00 28.00
718.901 33856.460 1 1109183 207058.5 739.34013 0 -2 103 1201 -3 136 0 0 2417 1159 7.00 59.00 1.00 0.00 33.00
719.001 33857.765 1 1109158 207046 739.43255 -1 -2 107 1191 -2 155 0 0 2422 1161 5.00 51.00 5.00 0.00 25.00
719.101 33859.064 1 1109136 207035 739.5139 -1 -2 99 1196 -1 169 0 0 2421 1161 5.00 45.00 3.00 0.00 30.00
719.201 33860.351 1 1109116 207025 739.58787 -1 -1 103 1202 -4 145 0 0 2420 1160 6.00 59.00 4.00 1.00 29.00
719.301 33861.632 1 1109094 207014 739.66926 -1 -1 110 1198 -4 144 0 0 2419 1161 6.00 52.00 5.00 0.00 25.00
719.401 33862.912 1 1109070 207002 739.75806 -1 -2 108 1204 -3 164 0 0 2422 1164 6.00 47.00 3.00 0.00 30.00
719.501 33864.189 1 1109046 206990 739.84688 0 0 98 1202 -3 138 0 0 2417 1164 6.00 43.00 3.00 0.00 24.00
719.601 33865.475 1 1109026 206980 739.92092 1 1 89 1199 -5 132 0 0 2424 1166 7.00 69.00 5.00 0.00 24.00
719.701 33866.767 1 1109006 206970 739.99496 -1 -1 88 1194 -4 142 0 0 2418 1170 7.00 44.00 3.00 0.00 30.00
719.801 33868.048 1 1108983 206958.5 740.08014 -2 -1 96 1196 -3 167 0 0 2422 1177 7.00 61.00 4.00 0.00 40.00
719.901 33869.334 1 1108958 206946 740.17274 -1 -1 93 1194 -5 170 0 0 2421 1182 8.00 62.00 3.00 0.00 34.00
720.001 33870.603 1 1108937 206935.5 740.25054 0 -1 85 1192 -6 178 0 0 2422 1190 7.00 60.00 7.00 0.00 30.00
720.101 33871.890 1 1108918 206926 740.32095 0 -1 83 1196 -4 136 0 0 2423 1193 6.00 76.00 4.00 0.00 25.00
720.201 33873.167 1 1108895 206914.5 740.40619 0 1 91 1195 -1 168 0 0 2420 1200 9.00 69.00 5.00 0.00 26.00
720.301 33874.465 1 1108871 206902.5 740.49517 1 1 101 1182 -3 180 0 0 2420 1208 4.00 66.00 3.00 0.00 39.00
720.401 33875.746 1 1108847 206890.5 740.58416 0 1 112 1188 -6 196 0 0 2424 1216 3.00 61.00 9.00 0.00 29.00
720.501 33877.031 1 1108826 206880 740.66205 0 2 132 1183 -6 207 0 0 2418 1218 2.00 81.00 3.00 0.00 38.00
720.601 33878.326 1 1108806 206870 740.73624 0 2 128 1186 -6 219 0 0 2422 1223 10.00 83.00 11.00 1.00 26.00
720.701 33879.619 1 1108783 206858.5 740.82158 1 0 138 1186 -5 214 0 0 2423 1231 5.00 80.00 3.00 0.00 40.00
720.801 33880.899 1 1108758 206846 740.91436 0 1 142 1178 -5 241 0 0 2424 1238 7.00 96.00 10.00 0.00 34.00
720.901 33882.179 1 1108736 206835 740.99602 -1 2 150 1177 -4 242 0 0 2425 1240 3.00 88.00 2.00 0.00 25.00
721.001 33883.455 1 1108716 206825 741.07028 0 2 154 1178 -4 221 0 0 2424 1242 3.00 80.00 12.00 0.00 35.00
721.101 33884.797 1 1108694 206814 741.15198 0 2 148 1165 -3 237 0 0 2425 1245 5.00 94.00 12.00 2.00 24.00
721.201 33886.082 1 1108670 206802 741.24112 0 2 147 1164 -2 266 0 0 2422 1245 6.00 89.00 5.00 1.00 33.00
721.301 33887.366 1 1108647 206790.5 741.32657 -1 2 142 1168 -5 234 0 0 2425 1247 8.00 77.00 10.00 0.00 26.00
721.401 33888.665 1 1108626 206780 741.40461 0 2 154 1166 -4 235 0 0 2424 1246 5.00 90.00 7.00 0.00 25.00
721.501 33889.946 1 1108605 206769.5 741.48266 -1 2 149 1166 -3 241 0 0 2422 1241 7.00 94.00 8.00 0.00 25.00
721.601 33891.230 1 1108583 206758.5 741.56445 0 3 142 1166 -2 249 0 0 2424 1237 2.00 92.00 7.00 0.00 32.00
721.701 33892.530 1 1108559 206746.5 741.65369 0 2 143 1157 -6 238 0 0 2424 1230 6.00 104.00 7.00 0.00 33.00
721.801 33893.816 1 1108538 206736 741.7318 1 3 131 1167 -7 246 0 0 2423 1221 7.00 96.00 10.00 0.00 26.00
721.901 33895.108 1 1108519 206726.5 741.80247 -1 2 126 1161 -6 236 0 0 2421 1215 5.00 106.00 3.00 1.00 22.00
722.001 33896.400 1 1108497 206715.5 741.88433 -1 2 126 1156 -4 233 0 0 2423 1208 8.00 79.00 11.00 2.00 24.00
722.101 33897.698 1 1108473 206703.5 741.97365 0 2 127 1165 -4 219 0 0 2424 1201 5.00 82.00 5.00 0.00 26.00
722.201 33898.987 1 1108450 206692 742.05926 -1 1 118 1159 -7 234 0 0 2426 1197 11.00 65.00 5.00 0.00 40.00
722.301 33900.272 1 1108428 206681 742.14117 -1 4 117 1158 -5 185 0 0 2425 1190 5.00 75.00 5.00 0.00 24.00
722.401 33901.556 1 1108407 206670.5 742.21937 -1 4 124 1163 -3 202 0 0 2425 1189 3.00 89.00 5.00 1.00 24.00
722.501 33902.839 1 1108385 206659.5 742.30132 -1 4 130 1155 -2 199 0 0 2425 1185 7.00 99.00 3.00 0.00 38.00
722.601 33904.122 1 1108360 206647 742.39445 -1 3 123 1154 0 208 0 0 2424 1185 9.00 59.00 5.00 0.00 39.00
722.701 33905.411 1 1108338 206636 742.47643 -1 3 117 1148 -2 204 0 0 2425 1181 7.00 61.00 2.00 0.00 35.00
722.801 33906.707 1 1108319 206626.5 742.54725 0 4 117 1152 -4 206 0 0 2426 1179 3.00 87.00 2.00 1.00 31.00
722.901 33908.011 1 1108297 206615.5 742.62926 0 3 115 1146 -6 222 0 0 2422 1178 6.00 89.00 1.00 0.00 34.00
723.001 33909.299 1 1108273 206603.5 742.71875 0 3 121 1147 -7 219 0 0 2425 1180 4.00 71.00 3.00 1.00 26.00
723.101 33910.590 1 1108249 206591.5 742.80826 -1 2 115 1148 -10 183 0 0 2426 1179 3.00 71.00 7.00 1.00 30.00
723.201 33911.882 1 1108228 206581 742.8866 -1 3 113 1150 -9 202 0 0 2422 1175 7.00 84.00 6.00 1.00 27.00
723.301 33913.175 1 1108208 206571 742.96123 0 2 111 1145 -6 245 0 0 2424 1176 6.00 65.00 7.00 0.00 25.00
723.401 33914.461 1 1108186 206560 743.04333 -2 2 110 1149 -4 212 0 0 2422 1177 3.00 54.00 3.00 0.00 28.00
723.501 33915.732 1 1108162 206548 743.13291 0 3 106 1161 -5 176 0 0 2422 1173 6.00 71.00 4.00 0.00 30.00
723.601 33917.036 1 1108140 206537 743.21505 0 4 113 1154 -4 196 0 0 2421 1171 4.00 66.00 5.00 0.00 26.00
723.701 33918.332 1 1108121 206527.5 743.286 -1 3 114 1143 -5 197 0 0 2426 1171 6.00 66.00 7.00 0.00 32.00
723.801 33919.627 1 1108100 206517 743.36444 -1 3 106 1146 -4 194 0 0 2422 1170 5.00 70.00 5.00 0.00 29.00
723.901 33920.910 1 1108076 206505 743.4541 0 4 107 1145 -5 182 0 0 2423 1169 3.00 63.00 6.00 0.00 28.00
724.001 33922.200 1 1108053 206493.5 743.54004 -2 4 105 1151 -7 182 0 0 2424 1169 5.00 63.00 7.00 0.00 33.00
724.101 33923.481 1 1108031 206482.5 743.62227 -2 3 108 1158 -8 181 0 0 2431 1173 12.00 79.00 2.00 0.00 26.00
724.201 33924.789 1 1108010 206472 743.70077 0 5 112 1162 -4 178 0 0 2431 1173 3.00 64.00 3.00 1.00 28.00
724.301 33926.073 1 1107988 206461 743.78303 0 4 108 1163 -4 179 0 0 2438 1178 6.00 62.00 5.00 1.00 22.00
724.401 33927.367 1 1107963 206448.5 743.87653 -1 3 108 1166 -5 177 0 0 2443 1180 8.00 66.00 7.00 0.00 27.00
724.501 33928.653 1 1107941 206437.5 743.95883 -1 5 112 1177 -3 172 0 0 2445 1182 4.00 65.00 4.00 0.00 19.00
724.601 33929.921 1 1107921 206427.5 744.03366 -1 5 109 1175 -2 217 0 0 2451 1185 9.00 71.00 2.00 0.00 39.00
724.701 33931.212 1 1107900 206417 744.11225 -1 5 108 1167 -3 180 0 0 2459 1191 5.00 69.00 4.00 0.00 30.00
724.801 33932.487 1 1107877 206405.5 744.19834 -1 4 110 1172 -4 206 0 0 2459 1189 7.00 65.00 5.00 0.00 33.00
725.301 33933.873 1 1107763 206348.5 744.62534 -2 5 102 1174 -6 171 0 0 2459 1184 7.00 55.00 2.00 0.00 30.00
725.801 33935.262 1 1107654 206294 745.03405 0 5 105 1177 -5 173 0 0 2460 1182 7.00 55.00 6.00 0.00 27.00
726.301 33936.642 1 1107541 206237.5 745.45822 -1 4 99 1176 -6 196 0 0 2460 1178 8.00 45.00 1.00 1.00 37.00
726.801 33938.011 1 1107432 206183 745.86781 0 3 104 1172 -5 181 0 0 2467 1176 6.00 63.00 3.00 0.00 43.00
727.301 33939.408 1 1107325 206129.5 746.27032 0 3 107 1177 -3 172 0 0 2466 1175 8.00 52.00 4.00 0.00 29.00
727.801 33940.787 1 1107214 206074 746.68831 -1 4 117 1187 -4 178 0 0 2463 1175 9.00 47.00 3.00 1.00 29.00
728.301 33942.182 1 1107106 206020 747.09544 0 5 127 1177 -1 190 0 0 2465 1172 7.00 46.00 5.00 1.00 38.00
728.801 33943.573 1 1106998 205965.99 747.503 -1 6 106 1178 0 163 0 0 2463 1169 4.00 50.00 1.00 1.00 37.00
729.301 33944.950 1 1106890 205911.99 747.91099 -2 4 108 1176 1 222 0 0 2464 1172 9.00 40.00 2.00 0.00 33.00
729.801 33946.329 1 1106779 205856.49 748.33076 -1 4 113 1184 -1 176 0 0 2464 1169 10.00 51.00 0.00 0.00 35.00
730.301 33947.706 1 1106670 205801.99 748.74342 -1 5 114 1184 -2 164 0 0 2466 1170 8.00 48.00 2.00 0.00 31.00
730.801 33949.090 1 1106562 205747.99 749.15272 -1 5 111 1196 -7 160 0 0 2464 1167 4.00 50.00 3.00 0.00 39.00
731.301 33950.468 1 1106454 205693.99 749.56245 -1 4 103 1198 -6 166 0 0 2464 1167 8.00 52.00 2.00 0.00 41.00
731.801 33951.858 1 1106346 205639.99 749.97261 -1 4 113 1197 -3 195 0 0 2463 1167 4.00 44.00 2.00 0.00 38.00
732.301 33953.258 1 1106237 205585.49 750.38701 0 6 107 1209 -3 162 0 0 2465 1166 8.00 42.00 3.00 0.00 33.00
732.801 33954.663 1 1106133 205533.49 750.78282 0 5 105 1208 -1 168 0 0 2465 1168 8.00 53.00 1.00 0.00 32.00
733.301 33956.036 1 1106024 205478.99 751.19809 0 4 113 1212 -3 170 0 0 2469 1164 12.00 41.00 5.00 0.00 29.00
733.801 33957.430 1 1105918 205425.99 751.60235 -1 3 96 1214 -3 144 0 0 2469 1165 4.00 43.00 2.00 0.00 35.00
734.301 33958.816 1 1105810 205371.99 752.01468 0 2 102 1214 -3 188 0 0 2469 1167 4.00 54.00 7.00 1.00 35.00
734.801 33960.194 1 1105706 205319.99 752.41215 -1 4 97 1210 -4 168 0 0 2472 1166 10.00 59.00 3.00 1.00 36.00
735.801 33961.630 1 1105488 205210.99 753.24662 0 4 91 1218 -2 134 0 0 2475 1166 9.00 36.00 3.00 0.00 32.00
736.801 33963.067 1 1105276 205104.99 754.05984 0 3 94 1229 -4 163 0 0 2474 1168 8.00 45.00 2.00 0.00 29.00
737.801 33964.526 1 1105059 204996.49 754.894 0 3 93 1234 -2 147 0 0 2477 1167 4.00 52.00 4.00 0.00 30.00
738.801 33965.982 1 1104849 204891.49 755.70295 -1 2 92 1245 -3 113 0 0 2479 1167 3.00 39.00 1.00 0.00 29.00
739.801 33967.442 1 1104635 204784.49 756.52903 -1 2 91 1248 -5 125 0 0 2481 1168 4.00 32.00 4.00 0.00 36.00
740.801 33968.911 1 1104425 204679.49 757.34137 0 4 97 1256 -7 151 0 0 2484 1167 8.00 42.00 0.00 0.00 39.00
741.801 33970.377 1 1104215 204574.48 758.1554 0 3 98 1253 -5 147 0 0 2483 1167 4.00 60.00 4.00 0.00 23.00
742.801 33971.832 1 1104007 204470.48 758.96335 0 3 94 1264 -6 160 0 0 2484 1168 4.00 53.00 1.00 0.00 36.00
743.801 33973.286 1 1103797 204365.48 759.78075 0 4 95 1266 -5 166 0 0 2484 1170 7.00 49.00 2.00 0.00 32.00
744.801 33974.738 1 1103590 204261.98 760.58814 0 4 95 1271 -6 142 0 0 2481 1167 8.00 44.00 1.00 0.00 34.00
745.801 33976.191 1 1103381 204157.48 761.40502 0 3 89 1281 -8 159 0 0 2481 1168 6.00 47.00 5.00 0.00 24.00
746.801 33977.629 1 1103173 204053.48 762.21968 0 5 86 1276 -5 167 0 0 2482 1165 5.00 45.00 1.00 1.00 35.00
747.801 33979.088 1 1102964 203948.98 763.03995 1 5 87 1274 -6 143 0 0 2479 1167 5.00 42.00 3.00 0.00 32.00
748.801 33980.532 1 1102757 203845.48 763.85405 0 4 94 1273 -5 153 0 0 2481 1168 9.00 39.00 3.00 0.00 31.00
749.801 33981.982 1 1102552 203742.98 764.66195 0 4 88 1284 -7 135 0 0 2483 1167 8.00 45.00 2.00 1.00 42.00
750.801 33983.447 1 1102346 203639.98 765.47545 0 4 89 1289 -4 146 0 0 2480 1165 8.00 41.00 2.00 0.00 31.00
751.801 33984.899 1 1102143 203538.48 766.27875 0 4 99 1285 -4 145 0 0 2475 1167 9.00 40.00 4.00 2.00 38.00
752.801 33986.338 1 1101935 203434.48 767.10352 0 4 92 1286 -6 163 0 0 2473 1165 9.00 29.00 1.00 0.00 31.00
753.801 33987.802 1 1101733 203333.48 767.90614 0 4 89 1292 -5 164 0 0 2475 1165 5.00 34.00 3.00 1.00 39.00
754.801 33989.247 1 1101528 203230.97 768.72235 0 3 90 1291 -6 115 0 0 2473 1166 8.00 39.00 4.00 1.00 32.00
755.801 33990.703 1 1101327 203130.47 769.52426 0 4 86 1296 -7 138 0 0 2468 1163 2.00 40.00 2.00 1.00 34.00
756.801 33992.155 1 1101123 203028.47 770.3398 -1 3 89 1296 -7 131 0 0 2465 1164 5.00 46.00 4.00 0.00 24.00
757.801 33993.599 1 1100923 202928.47 771.14097 -1 3 93 1290 -8 174 0 0 2466 1165 5.00 41.00 5.00 0.00 39.00
758.801 33995.046 1 1100720 202826.97 771.95581 0 4 91 1301 -7 121 0 0 2463 1161 5.00 37.00 3.00 0.00 24.00
759.801 33996.478 1 1100520 202726.97 772.76023 1 6 95 1307 -4 117 0 0 2462 1160 2.00 50.00 6.00 0.00 30.00
760.801 33997.923 1 1100319 202626.47 773.57031 0 5 106 1310 -4 145 0 0 2459 1159 7.00 38.00 3.00 0.00 30.00
761.801 33999.358 1 1100121 202527.47 774.36991 1 6 93 1299 -5 152 0 0 2457 1157 2.00 38.00 3.00 0.00 29.00
762.801 34000.803 1 1099920 202426.97 775.18326 1 5 102 1309 -3 118 0 0 2457 1158 6.00 39.00 0.00 1.00 40.00
763.801 34002.258 1 1099723 202328.47 775.98203 0 4 112 1311 -2 132 0 0 2457 1158 6.00 34.00 2.00 0.00 46.00
764.801 34003.722 1 1099522 202227.97 776.79866 0 6 108 1319 -5 133 0 0 2453 1156 5.00 43.00 2.00 0.00 32.00
765.801 34005.150 1 1099325 202129.47 777.60065 0 6 108 1312 -3 136 0 0 2457 1157 3.00 46.00 0.00 0.00 35.00
766.801 34006.595 1 1099126 202029.97 778.41241 -1 6 108 1331 -5 134 0 0 2456 1157 6.00 36.00 2.00 0.00 31.00
767.801 34008.031 1 1098931 201932.47 779.20945 1 7 99 1323 -5 142 0 0 2456 1156 8.00 34.00 9.00 0.00 36.00
768.801 34009.467 1 1098733 201833.46 780.02037 0 7 99 1320 -4 146 0 0 2455 1157 3.00 43.00 5.00 2.00 25.00
769.801 34010.920 1 1098540 201736.96 780.81238 0 5 91 1320 -2 148 0 0 2457 1157 3.00 42.00 1.00 0.00 28.00
770.801 34012.358 1 1098342 201637.96 781.62653 0 5 99 1320 -2 144 0 0 2459 1159 5.00 48.00 3.00 0.00 26.00
771.801 34013.804 1 1098148 201540.96 782.42583 0 5 100 1329 0 166 0 0 2459 1158 9.00 39.00 1.00 0.00 23.00
772.801 34015.266 1 1097952 201442.96 783.23497 -1 4 105 1330 -3 114 0 0 2461 1159 5.00 32.00 2.00 0.00 33.00
773.801 34016.713 1 1097759 201346.46 784.03331 0 4 96 1328 -6 140 0 0 2461 1160 9.00 44.00 3.00 0.00 19.00
774.801 34018.166 1 1097565 201249.46 784.83738 0 5 96 1331 -6 128 0 0 2463 1161 4.00 33.00 2.00 1.00 27.00
775.801 34019.612 1 1097373 201153.46 785.63473 0 4 100 1339 -3 158 0 0 2461 1161 8.00 37.00 1.00 1.00 38.00
776.801 34021.056 1 1097181 201057.46 786.43365 0 5 96 1386 -6 158 0 0 2463 1162 4.00 41.00 2.00 0.00 31.00
777.801 34022.516 1 1096990 200961.96 787.22997 0 5 96 1520 -3 129 0 0 2461 1160 8.00 41.00 3.00 0.00 33.00
778.8015 34023.957 1 1096799 200866.46 788.02785 0 5 108 1499 -3 165 0 0 2460 1161 2.00 49.00 4.00 1.00 24.00
779.8015 34025.400 1 1096606 200769.96 788.83568 0 5 105 1441 -4 149 0 0 2455 1161 6.00 37.00 2.00 0.00 30.00
781.8015 34026.931 1 1096220 200576.96 790.45615 0 4 102 1394 -6 149 0 0 2449 1159 4.00 31.00 4.00 0.00 31.00
783.8015 34028.453 1 1095841 200387.45 792.05352 0 4 105 1394 -4 126 0 0 2444 1160 6.00 42.00 2.00 0.00 34.00
785.8015 34029.994 1 1095467 200200.45 793.63595 1 5 99 1385 -4 160 0 0 2438 1156 13.00 50.00 3.00 0.00 34.00
787.8015 34031.537 1 1095093 200013.45 795.22451 0 5 102 1381 -4 157 0 0 2430 1156 7.00 42.00 4.00 0.00 37.00
789.8015 34033.077 1 1094719 199826.45 796.81924 0 4 102 1389 -2 152 0 0 2422 1153 5.00 49.00 4.00 1.00 33.00
791.8015 34034.607 1 1094347 199640.45 798.41159 0 5 100 1402 -3 123 0 0 2416 1152 6.00 25.00 1.00 0.00 27.00
793.8015 34036.143 1 1093980 199456.95 799.98859 0 5 101 1456 -5 124 0 0 2408 1150 8.00 30.00 2.00 0.00 31.00
795.8015 34037.695 1 1093610 199271.95 801.5846 0 6 106 1402 -3 151 0 0 2406 1149 8.00 41.00 5.00 1.00 27.00
797.8015 34039.223 1 1093244 199088.94 803.16943 -1 4 106 1403 -4 142 0 0 2401 1149 5.00 30.00 0.00 0.00 36.00
799.8015 34040.748 1 1092885 198909.44 804.72985 0 5 107 1394 -6 122 0 0 2394 1148 5.00 33.00 3.00 1.00 31.00
801.8015 34042.272 1 1092522 198727.94 806.31364 0 6 105 1407 -5 132 0 0 2391 1148 4.00 37.00 2.00 0.00 35.00
803.8015 34043.798 1 1092160 198546.94 807.89909 0 4 120 1401 -4 138 0 0 2386 1149 6.00 45.00 3.00 0.00 30.00
805.8015 34045.313 1 1091801 198367.44 809.47738 -1 3 120 1405 -4 125 0 0 2375 1148 4.00 32.00 0.00 0.00 39.00
807.8015 34046.830 1 1091440 198186.94 811.07049 0 4 120 1412 -3 154 0 0 2367 1145 9.00 38.00 4.00 0.00 22.00
809.8015 34048.348 1 1091090 198011.94 812.6253 0 4 117 1414 -3 166 0 0 2359 1139 4.00 35.00 3.00 0.00 31.00
811.8015 34049.864 1 1090736 197834.94 814.19481 -1 3 118 1421 -5 129 0 0 2350 1138 10.00 39.00 8.00 0.00 24.00
813.8015 34051.405 1 1090384 197658.93 815.76573 -1 4 127 1421 -2 153 0 0 2339 1135 4.00 43.00 7.00 0.00 28.00
815.8015 34052.937 1 1090030 197481.93 817.35151 0 4 125 1416 -2 142 0 0 2332 1131 10.00 39.00 3.00 0.00 34.00
817.8015 34054.475 1 1089686 197309.93 818.89823 0 4 123 1422 -3 135 0 0 2324 1130 9.00 36.00 9.00 0.00 29.00
819.8015 34055.993 1 1089338 197135.93 820.46871 -1 4 122 1423 -2 142 0 0 2319 1124 9.00 46.00 5.00 1.00 27.00
821.8015 34057.527 1 1088993 196963.43 822.03142 0 4 137 1426 -1 147 0 0 2308 1121 8.00 43.00 5.00 0.00 37.00
823.8015 34059.063 1 1088642 196787.93 823.62724 0 4 128 1419 -2 120 0 0 2299 1118 4.00 44.00 3.00 0.00 36.00
825.8015 34060.608 1 1088304 196618.93 825.16964 0 5 130 1419 -2 145 0 0 2293 1114 4.00 35.00 4.00 0.00 33.00
827.8015 34062.144 1 1087964 196448.93 826.72683 -1 6 124 1416 -3 148 0 0 2285 1114 9.00 39.00 1.00 1.00 27.00
829.8015 34063.664 1 1087621 196277.42 828.30354 0 5 115 1416 -3 138 0 0 2274 1108 5.00 42.00 1.00 0.00 32.00
