#S 236  tes_d45_z2.5_Compd_1_236.
#D Thu Jul 14 23:09:28 2022
#T 1  (Seconds)
#P0 26.8115 17.330455 14.069723 0.04 0 28.5 19.14 -12.799757
#P1 0.039715762 0 0.0075 0 0 -9.033 -7.637 481.95
#P2 44.996696 1821 196115 829.8015 1.9101244 365.0064 15.7001 4.3276
#P3 23.82 19.1411 0 0 28.1 30.1 31.4 32.2045
#P4 20.95 100 -698.11225 20 
#L MONO  Epoch  Seconds  QUAD_ENC  GRATING_ENC  ENERGY_ENC  CMACT  CH  FY  REF  I1  testfy  CTEMP  SAMPLEZ_ENC  I0  SC  CK  FeLab  FeLln  NK  OK
690.001 33200.053 1 1115871 210402.53 715.3914 -1 2 71 884 -5 107 0 0 2337 1164 7.00 47.00 1.00 0.00 30.00
690.801 33201.496 1 1115681 210307.53 716.05107 -1 1 74 887 -4 127 0 0 2343 1168 14.00 32.00 2.00 0.00 27.00
691.601 33202.932 1 1115487 210210.53 716.72584 -2 0 64 888 -5 120 0 0 2348 1170 8.00 40.00 0.00 0.00 30.00
692.401 33204.392 1 1115297 210115.52 717.38788 -1 2 69 896 -6 126 0 0 2352 1167 3.00 38.00 1.00 0.00 37.00
693.201 33205.839 1 1115103 210018.52 718.06508 -1 0 70 910 -4 124 0 0 2356 1167 9.00 33.00 0.00 1.00 34.00
694.001 33207.284 1 1114913 209923.52 718.72952 -1 1 65 905 -4 138 0 0 2362 1169 5.00 42.00 1.00 0.00 41.00
694.801 33208.707 1 1114720 209827.02 719.40566 -2 0 71 903 -3 129 0 0 2367 1169 10.00 34.00 2.00 0.00 38.00
695.301 33210.119 1 1114603 209768.52 719.81615 -1 1 78 905 -2 142 0 0 2372 1170 8.00 42.00 1.00 0.00 35.00
695.801 33211.501 1 1114486 209710.02 720.22709 -2 0 83 907 -2 114 0 0 2371 1170 9.00 41.00 0.00 0.00 35.00
696.301 33212.891 1 1114364 209649.02 720.65607 -1 1 85 917 -4 133 0 0 2375 1167 5.00 42.00 1.00 0.00 32.00
696.801 33214.275 1 1114243 209588.52 721.08202 -1 1 79 918 -5 138 0 0 2375 1166 3.00 44.00 1.00 0.00 30.00
697.301 33215.678 1 1114128 209531.02 721.4873 -1 1 80 909 -6 147 0 0 2381 1170 8.00 52.00 1.00 0.00 34.00
697.801 33217.089 1 1114009 209471.52 721.90715 0 1 89 922 -6 125 0 0 2379 1167 10.00 43.00 1.00 0.00 29.00
698.301 33218.461 1 1113894 209414.02 722.31332 -1 0 69 928 -7 166 0 0 2383 1169 8.00 40.00 0.00 0.00 38.00
698.801 33219.866 1 1113776 209355.02 722.73056 -1 0 66 933 -6 136 0 0 2383 1171 10.00 32.00 1.00 0.00 32.00
699.301 33221.259 1 1113657 209295.52 723.1518 -1 1 70 935 -5 126 0 0 2384 1167 8.00 49.00 0.00 0.00 33.00
699.801 33222.655 1 1113541 209237.52 723.56287 -1 0 63 936 -4 137 0 0 2390 1168 7.00 39.00 0.00 0.00 40.00
700.001 33223.981 1 1113497 209215.52 723.71892 -1 2 70 943 -5 142 0 0 2388 1169 7.00 33.00 0.00 1.00 34.00
700.201 33225.302 1 1113446 209190.02 723.89986 -1 2 54 935 -7 125 0 0 2388 1168 4.00 41.00 1.00 0.00 26.00
700.401 33226.633 1 1113404 209169.02 724.04895 -1 2 55 946 -9 132 0 0 2387 1166 5.00 56.00 0.00 0.00 32.00
700.601 33227.951 1 1113356 209145.02 724.2194 0 3 76 934 -6 126 0 0 2388 1164 4.00 48.00 0.00 0.00 35.00
700.801 33229.287 1 1113313 209123.52 724.37216 -1 3 73 945 -3 134 0 0 2391 1165 6.00 25.00 2.00 0.00 29.00
701.001 33230.604 1 1113265 209099.52 724.54276 0 1 79 947 -3 117 0 0 2392 1166 6.00 34.00 0.00 0.00 33.00
701.201 33231.941 1 1113217 209075.52 724.71344 0 3 74 957 -3 118 0 0 2393 1163 6.00 24.00 0.00 0.00 35.00
701.401 33233.258 1 1113171 209052.52 724.87708 0 0 79 960 -2 126 0 0 2397 1168 4.00 34.00 0.00 0.00 28.00
701.601 33234.577 1 1113125 209029.52 725.04079 0 2 77 952 -5 133 0 0 2393 1163 8.00 41.00 1.00 0.00 24.00
701.801 33235.891 1 1113079 209006.52 725.20457 0 1 72 953 -3 102 0 0 2392 1162 3.00 42.00 0.00 1.00 28.00
702.001 33237.217 1 1113029 208981.52 725.38268 0 0 76 952 -6 136 0 0 2399 1166 8.00 50.00 0.00 0.00 44.00
702.201 33238.541 1 1112988 208961.02 725.52879 0 1 78 952 -7 111 0 0 2393 1159 6.00 28.00 1.00 1.00 30.00
702.401 33239.857 1 1112939 208936.52 725.70348 0 2 79 954 -6 128 0 0 2393 1160 7.00 39.00 2.00 0.00 36.00
702.601 33241.169 1 1112896 208915.02 725.85685 0 2 75 955 -7 128 0 0 2395 1163 6.00 40.00 0.00 0.00 35.00
702.801 33242.483 1 1112846 208890.02 726.03526 0 1 74 959 -6 132 0 0 2394 1161 10.00 40.00 0.00 1.00 34.00
702.901 33243.756 1 1112823 208878.52 726.11736 0 2 77 960 -9 121 0 0 2395 1160 6.00 35.00 0.00 0.00 29.00
703.001 33245.047 1 1112803 208868.52 726.18876 1 2 78 960 -7 126 0 0 2395 1161 3.00 36.00 0.00 0.00 46.00
703.101 33246.341 1 1112779 208856.52 726.27447 0 0 70 971 -9 115 0 0 2396 1161 8.00 32.00 0.00 1.00 45.00
703.201 33247.643 1 1112754 208844.02 726.36376 0 2 73 974 -9 123 0 0 2397 1161 6.00 46.00 1.00 0.00 34.00
703.301 33248.943 1 1112731 208832.52 726.44593 0 1 74 972 -8 144 0 0 2395 1161 3.00 39.00 0.00 0.00 37.00
703.401 33250.239 1 1112710 208822.02 726.52097 -1 1 68 980 -6 120 0 0 2396 1160 7.00 27.00 0.00 0.00 32.00
703.501 33251.531 1 1112687 208810.52 726.60318 0 1 68 974 -4 137 0 0 2397 1158 8.00 33.00 2.00 0.00 38.00
703.601 33252.814 1 1112661 208797.52 726.69613 0 3 74 983 -4 147 0 0 2396 1158 8.00 36.00 0.00 0.00 37.00
703.701 33254.086 1 1112637 208785.52 726.78195 1 3 73 972 -6 118 0 0 2397 1159 10.00 41.00 0.00 1.00 26.00
703.801 33255.342 1 1112616 208775.02 726.85705 -1 4 76 975 -2 98 0 0 2400 1161 13.00 29.00 1.00 0.00 35.00
703.901 33256.625 1 1112596 208765.02 726.9286 0 3 77 982 0 130 0 0 2400 1159 6.00 29.00 0.00 0.00 37.00
704.001 33257.900 1 1112570 208752.02 727.02163 0 3 79 974 -1 111 0 0 2400 1160 6.00 30.00 0.00 1.00 34.00
704.101 33259.176 1 1112545 208739.51 727.1111 -1 3 74 980 -3 116 0 0 2399 1159 4.00 32.00 1.00 0.00 33.00
704.201 33260.455 1 1112526 208730.01 727.17911 0 4 71 988 -4 110 0 0 2397 1158 10.00 44.00 1.00 0.00 40.00
704.301 33261.741 1 1112504 208719.01 727.25788 0 3 71 997 -4 129 0 0 2395 1159 6.00 32.00 0.00 0.00 37.00
704.401 33263.033 1 1112480 208707.01 727.34383 0 2 74 998 -3 108 0 0 2399 1155 7.00 23.00 0.00 1.00 28.00
704.501 33264.322 1 1112455 208694.51 727.43338 0 2 67 1005 -2 118 0 0 2395 1157 5.00 25.00 0.00 0.00 28.00
704.601 33265.616 1 1112431 208682.51 727.51937 0 4 73 1005 -2 132 0 0 2394 1155 10.00 25.00 0.00 0.00 42.00
704.701 33266.907 1 1112410 208672.01 727.59462 0 3 78 998 -1 101 0 0 2397 1158 2.00 17.00 0.00 0.00 39.00
704.801 33268.188 1 1112387 208660.51 727.67706 -2 1 78 1002 -2 109 0 0 2399 1160 11.00 40.00 1.00 0.00 30.00
704.901 33269.467 1 1112360 208647.01 727.77386 0 3 74 1014 1 120 0 0 2393 1155 5.00 37.00 0.00 0.00 42.00
705.001 33270.752 1 1112337 208635.51 727.85634 0 3 78 1022 0 112 0 0 2392 1156 11.00 29.00 0.00 0.00 39.00
705.101 33272.028 1 1112317 208625.51 727.92807 1 3 71 1026 -3 104 0 0 2390 1154 6.00 28.00 0.00 0.00 43.00
705.201 33273.310 1 1112294 208614.01 728.01059 0 2 72 1042 -4 133 0 0 2394 1159 4.00 31.00 1.00 2.00 31.00
705.301 33274.596 1 1112269 208601.51 728.10029 -1 2 76 1052 -4 121 0 0 2392 1157 7.00 28.00 0.00 0.00 30.00
705.401 33275.887 1 1112244 208589.01 728.19002 0 3 78 1059 -6 107 0 0 2388 1159 6.00 29.00 0.00 1.00 33.00
705.501 33277.185 1 1112223 208578.51 728.26541 0 2 70 1070 -5 121 0 0 2387 1159 10.00 30.00 2.00 0.00 23.00
705.601 33278.482 1 1112202 208568.01 728.34082 0 3 76 1076 -3 106 0 0 2385 1160 5.00 34.00 1.00 0.00 31.00
705.701 33279.777 1 1112178 208556.01 728.42701 0 1 73 1097 -3 107 0 0 2382 1167 7.00 34.00 1.00 0.00 32.00
705.801 33281.081 1 1112154 208544.01 728.51323 0 1 91 1103 -5 134 0 0 2387 1177 11.00 28.00 2.00 0.00 34.00
705.901 33282.362 1 1112133 208533.51 728.58868 0 2 86 1126 -8 131 0 0 2385 1184 8.00 27.00 4.00 0.00 39.00
706.001 33283.648 1 1112112 208523.01 728.66415 1 2 96 1146 -6 104 0 0 2384 1185 7.00 34.00 1.00 0.00 24.00
706.101 33284.944 1 1112089 208511.51 728.74682 0 2 85 1174 -4 142 0 0 2383 1178 3.00 38.00 3.00 0.00 29.00
706.201 33286.239 1 1112063 208498.51 728.8403 0 0 89 1183 -5 101 0 0 2384 1172 6.00 28.00 3.00 0.00 31.00
706.301 33287.523 1 1112039 208486.51 728.92661 0 0 75 1208 -5 110 0 0 2383 1167 4.00 32.00 5.00 0.00 38.00
706.401 33288.803 1 1112018 208476.01 729.00214 1 2 82 1229 -5 104 0 0 2385 1163 8.00 40.00 2.00 0.00 35.00
706.501 33290.096 1 1111996 208465.01 729.08129 1 0 67 1244 -7 119 0 0 2384 1164 6.00 17.00 2.00 0.00 41.00
706.601 33291.382 1 1111970 208452.01 729.17486 0 1 73 1260 -8 118 0 0 2386 1163 5.00 32.00 1.00 0.00 28.00
706.701 33292.665 1 1111945 208439.51 729.26484 0 1 77 1286 -5 105 0 0 2385 1163 6.00 30.00 2.00 2.00 32.00
706.801 33293.949 1 1111925 208429.51 729.33684 0 1 75 1287 -5 120 0 0 2388 1167 6.00 19.00 0.00 0.00 40.00
706.901 33295.233 1 1111904 208419.01 729.41246 0 1 70 1302 -2 120 0 0 2389 1169 4.00 32.00 1.00 1.00 39.00
707.001 33296.518 1 1111880 208407.01 729.4989 0 1 76 1297 -3 129 0 0 2391 1173 2.00 27.00 2.00 0.00 39.00
707.101 33297.810 1 1111855 208394.51 729.58896 -1 1 77 1281 -4 118 0 0 2393 1180 6.00 31.00 3.00 0.00 31.00
707.201 33299.091 1 1111832 208383.01 729.67184 0 1 83 1275 -6 118 0 0 2393 1187 6.00 24.00 2.00 0.00 34.00
707.301 33300.367 1 1111811 208372.51 729.74753 0 1 78 1261 -5 110 0 0 2392 1192 7.00 38.00 4.00 1.00 31.00
707.401 33301.650 1 1111790 208362.01 729.82323 0 1 88 1238 -7 130 0 0 2392 1206 12.00 41.00 3.00 0.00 29.00
707.501 33302.938 1 1111764 208349.01 729.91697 -1 1 94 1210 -6 127 0 0 2394 1224 6.00 33.00 5.00 0.00 34.00
707.601 33304.227 1 1111740 208337.01 730.00353 0 1 100 1205 -4 127 0 0 2392 1241 7.00 48.00 7.00 0.00 27.00
707.701 33305.506 1 1111721 208327.51 730.07206 0 2 99 1188 -5 164 0 0 2398 1256 8.00 43.00 3.00 0.00 32.00
707.801 33306.799 1 1111699 208316.51 730.15144 0 2 112 1173 -3 187 0 0 2397 1271 6.00 66.00 8.00 0.00 29.00
707.901 33308.093 1 1111674 208304.01 730.24165 0 2 111 1168 -4 196 0 0 2393 1283 7.00 60.00 4.00 0.00 32.00
708.001 33309.378 1 1111649 208291.51 730.33189 -1 1 128 1148 -4 166 0 0 2396 1295 7.00 71.00 8.00 0.00 30.00
708.101 33310.681 1 1111627 208280.51 730.41132 -1 1 127 1144 -5 215 0 0 2397 1301 4.00 85.00 13.00 0.00 25.00
708.201 33311.977 1 1111606 208270.01 730.48716 -1 0 137 1140 -5 190 0 0 2396 1309 4.00 62.00 6.00 1.00 17.00
708.301 33313.270 1 1111583 208258.51 730.57023 0 2 137 1141 -3 196 0 0 2396 1315 5.00 79.00 9.00 0.00 27.00
708.401 33314.570 1 1111557 208245.51 730.66416 1 0 148 1128 -3 228 0 0 2394 1323 6.00 68.00 7.00 0.00 31.00
708.501 33315.862 1 1111535 208234.51 730.74366 0 0 148 1131 -2 219 0 0 2396 1335 5.00 81.00 12.00 0.00 27.00
708.601 33317.156 1 1111514 208224.01 730.81956 0 1 152 1123 -2 232 0 0 2395 1344 3.00 90.00 8.00 0.00 29.00
708.701 33318.440 1 1111491 208212.51 730.9027 0 0 162 1128 -1 249 0 0 2397 1364 1.00 96.00 9.00 0.00 18.00
708.801 33319.708 1 1111465 208199.51 730.99672 -2 -1 169 1127 -1 308 0 0 2398 1385 6.00 113.00 15.00 1.00 28.00
708.901 33320.993 1 1111441 208187.51 731.08352 -1 -2 178 1124 -1 246 0 0 2398 1390 1.00 96.00 12.00 0.00 26.00
709.001 33322.309 1 1111420 208177.01 731.15949 0 -1 175 1132 -1 254 0 0 2399 1386 9.00 124.00 11.00 0.00 22.00
709.101 33323.603 1 1111400 208167.01 731.23185 -1 1 177 1131 0 309 0 0 2404 1371 4.00 128.00 11.00 0.00 29.00
709.201 33324.883 1 1111375 208155.01 731.31871 -2 -1 169 1127 -1 265 0 0 2411 1348 4.00 111.00 9.00 0.00 19.00
709.301 33326.166 1 1111353 208143.51 731.40196 -1 1 157 1132 -2 277 0 0 2414 1314 4.00 99.00 14.00 1.00 27.00
709.401 33327.454 1 1111331 208132.51 731.48162 -1 -1 151 1121 -4 257 0 0 2420 1288 3.00 95.00 5.00 0.00 24.00
709.501 33328.743 1 1111310 208122.01 731.55767 -1 -1 129 1119 -3 276 0 0 2426 1268 6.00 96.00 5.00 0.00 36.00
709.601 33330.028 1 1111287 208110.51 731.64097 0 0 125 1126 -1 266 0 0 2427 1256 10.00 80.00 14.00 0.00 29.00
709.701 33331.315 1 1111262 208098.01 731.73155 -1 -1 123 1111 -2 227 0 0 2435 1251 10.00 81.00 5.00 0.00 31.00
709.801 33332.607 1 1111238 208086.01 731.81852 -1 -1 118 1110 -3 208 0 0 2434 1246 5.00 68.00 9.00 0.00 39.00
709.901 33333.900 1 1111217 208075.51 731.89463 0 -2 109 1116 -3 188 0 0 2434 1244 5.00 76.00 6.00 0.00 30.00
710.001 33335.191 1 1111195 208064.51 731.97439 0 -1 111 1116 -5 196 0 0 2434 1242 12.00 69.00 6.00 0.00 36.00
710.101 33336.475 1 1111169 208051.51 732.06867 0 -1 115 1106 -3 197 0 0 2435 1241 13.00 74.00 6.00 0.00 36.00
710.201 33337.743 1 1111145 208039.51 732.15572 -1 -1 116 1111 -3 183 0 0 2436 1240 9.00 64.00 5.00 0.00 25.00
710.301 33339.037 1 1111125 208029.51 732.22827 0 0 113 1105 -3 179 0 0 2434 1238 2.00 64.00 4.00 0.00 29.00
710.401 33340.322 1 1111103 208018.51 732.3081 0 1 120 1104 -4 191 0 0 2434 1240 6.00 77.00 6.00 1.00 30.00
710.501 33341.603 1 1111079 208006.51 732.39883 0 1 112 1109 -5 208 0 0 2437 1239 10.00 66.00 6.00 0.00 28.00
710.601 33342.900 1 1111055 207994.51 732.48233 0 0 100 1095 -4 202 0 0 2436 1240 8.00 69.00 14.00 0.00 26.00
710.701 33344.169 1 1111033 207983.51 732.56221 -1 1 99 1097 -5 198 0 0 2438 1241 9.00 65.00 3.00 0.00 39.00
710.801 33345.453 1 1111011 207972.51 732.64211 0 0 102 1098 -3 203 0 0 2434 1238 5.00 65.00 6.00 1.00 30.00
710.901 33346.744 1 1110990 207962.01 732.71839 0 0 100 1084 -3 192 0 0 2437 1240 5.00 61.00 1.00 0.00 32.00
711.001 33348.048 1 1110964 207949.01 732.81285 1 1 115 1094 -4 185 0 0 2436 1239 4.00 72.00 7.00 0.00 33.00
711.101 33349.338 1 1110941 207937.51 732.89644 0 0 108 1088 -3 222 0 0 2437 1241 7.00 76.00 10.00 0.00 32.00
711.201 33350.631 1 1110922 207928.01 732.9655 0 0 104 1091 -3 186 0 0 2436 1240 4.00 54.00 0.00 0.00 30.00
711.301 33351.910 1 1110900 207917.01 733.04548 0 1 107 1092 -4 202 0 0 2434 1236 6.00 73.00 5.00 0.00 38.00
711.401 33353.192 1 1110875 207904.51 733.13275 0 2 107 1080 -4 214 0 0 2436 1235 7.00 65.00 3.00 0.00 33.00
711.501 33354.488 1 1110851 207892.51 733.22368 0 1 110 1087 -5 187 0 0 2436 1234 4.00 82.00 2.00 0.00 36.00
711.601 33355.781 1 1110829 207881.51 733.30372 -1 1 105 1088 -6 204 0 0 2437 1229 5.00 47.00 3.00 0.00 37.00
711.701 33357.058 1 1110808 207871.01 733.38013 0 2 103 1086 -2 157 0 0 2436 1230 7.00 75.00 6.00 0.00 37.00
711.801 33358.341 1 1110784 207859.01 733.46748 0 1 106 1085 -5 196 0 0 2437 1229 9.00 73.00 8.00 1.00 36.00
712.001 33359.656 1 1110735 207834.51 733.64588 -1 -1 110 1082 -5 181 0 0 2437 1229 7.00 59.00 7.00 2.00 37.00
712.201 33360.968 1 1110691 207812.51 733.80615 0 0 100 1073 -5 212 0 0 2438 1226 4.00 80.00 4.00 0.00 44.00
712.401 33362.295 1 1110642 207788.01 733.98471 0 1 101 1074 -7 203 0 0 2439 1223 5.00 74.00 2.00 0.00 34.00
712.601 33363.616 1 1110601 207767.51 734.13418 0 1 105 1091 -7 203 0 0 2441 1221 9.00 83.00 1.00 0.00 40.00
712.801 33364.928 1 1110554 207744.01 734.3056 0 2 100 1086 -4 183 0 0 2440 1215 8.00 69.00 3.00 0.00 29.00
713.001 33366.253 1 1110512 207723.01 734.45885 0 1 98 1084 -4 214 0 0 2439 1212 6.00 67.00 3.00 0.00 43.00
713.201 33367.581 1 1110464 207699.01 734.63406 -1 1 98 1095 -4 196 0 0 2438 1207 5.00 77.00 4.00 1.00 34.00
713.401 33368.900 1 1110419 207676.51 734.7984 -1 1 100 1092 -4 211 0 0 2442 1207 4.00 59.00 4.00 1.00 38.00
713.601 33370.240 1 1110371 207652.51 734.97377 0 0 99 1083 -5 189 0 0 2438 1204 2.00 61.00 2.00 1.00 31.00
713.801 33371.554 1 1110327 207630.51 735.1346 1 0 97 1089 -5 253 0 0 2441 1202 7.00 70.00 4.00 0.00 41.00
714.001 33372.885 1 1110281 207607.51 735.30282 0 1 90 1097 -5 203 0 0 2440 1200 3.00 59.00 4.00 0.00 32.00
714.201 33374.209 1 1110234 207584.01 735.47476 0 0 97 1092 -2 207 0 0 2443 1198 4.00 68.00 3.00 0.00 25.00
714.401 33375.526 1 1110194 207564.01 735.62116 0 1 94 1089 -3 186 0 0 2442 1197 6.00 44.00 1.00 0.00 28.00
714.601 33376.839 1 1110145 207539.51 735.80057 0 0 98 1085 -1 215 0 0 2441 1196 6.00 59.00 2.00 1.00 24.00
714.801 33378.167 1 1110105 207519.51 735.94709 0 0 86 1100 0 210 0 0 2441 1195 10.00 67.00 2.00 0.00 30.00
715.001 33379.484 1 1110056 207495.01 736.12666 -1 0 86 1104 -1 206 0 0 2443 1196 7.00 53.00 1.00 0.00 32.00
715.201 33380.803 1 1110012 207473.01 736.28798 0 1 83 1100 -1 181 0 0 2441 1192 5.00 55.00 1.00 0.00 36.00
715.401 33382.126 1 1109964 207449.01 736.46404 0 1 85 1114 -3 154 0 0 2442 1192 4.00 63.00 2.00 0.00 34.00
715.601 33383.451 1 1109921 207427.51 736.62183 1 2 83 1107 -2 188 0 0 2441 1190 8.00 46.00 3.00 1.00 34.00
715.801 33384.773 1 1109875 207404.51 736.7907 1 2 85 1111 -5 162 0 0 2441 1186 2.00 56.00 3.00 0.00 31.00
716.001 33386.082 1 1109829 207381.51 736.95964 -1 1 69 1113 -5 196 0 0 2443 1188 10.00 66.00 1.00 0.00 37.00
716.201 33387.399 1 1109787 207360.5 737.11396 0 2 64 1115 -4 177 0 0 2440 1188 5.00 50.00 6.00 0.00 43.00
716.401 33388.735 1 1109740 207337 737.28672 0 2 77 1126 -5 160 0 0 2442 1188 9.00 49.00 4.00 0.00 23.00
716.601 33390.060 1 1109698 207316 737.44117 0 2 68 1118 -4 162 0 0 2443 1184 6.00 46.00 5.00 1.00 33.00
716.801 33391.386 1 1109650 207292 737.61777 -1 2 71 1114 -5 152 0 0 2445 1185 4.00 64.00 0.00 0.00 36.00
716.901 33392.666 1 1109628 207281 737.69873 0 3 61 1115 -4 165 0 0 2443 1186 6.00 59.00 3.00 0.00 34.00
717.001 33393.950 1 1109608 207271 737.77235 0 3 68 1117 -3 172 0 0 2443 1183 5.00 51.00 2.00 0.00 29.00
717.101 33395.234 1 1109586 207260 737.85335 -1 1 65 1111 -3 177 0 0 2444 1184 6.00 69.00 3.00 0.00 32.00
717.201 33396.524 1 1109560 207247 737.9491 0 2 77 1110 -4 159 0 0 2443 1183 10.00 49.00 1.00 0.00 31.00
717.301 33397.809 1 1109538 207236 738.03013 -1 2 81 1118 -4 161 0 0 2442 1182 7.00 55.00 0.00 0.00 25.00
717.401 33399.099 1 1109519 207226.5 738.10013 -1 1 75 1117 -3 152 0 0 2445 1183 4.00 55.00 2.00 0.00 35.00
717.501 33400.379 1 1109496 207215 738.18488 0 1 64 1117 -5 149 0 0 2444 1180 5.00 59.00 3.00 0.00 30.00
717.601 33401.684 1 1109472 207203 738.27334 -2 1 72 1119 -7 170 0 0 2443 1184 11.00 54.00 1.00 0.00 29.00
717.701 33402.986 1 1109449 207191.5 738.35813 -1 2 71 1119 -7 141 0 0 2443 1178 9.00 43.00 3.00 0.00 29.00
717.801 33404.275 1 1109427 207180.5 738.43926 -1 1 75 1118 -9 148 0 0 2443 1182 7.00 53.00 0.00 0.00 33.00
717.901 33405.580 1 1109407 207170.5 738.51302 0 1 73 1122 -9 132 0 0 2443 1180 7.00 52.00 1.00 0.00 29.00
718.001 33406.879 1 1109385 207159.5 738.59417 -1 2 65 1131 -5 167 0 0 2441 1182 4.00 57.00 2.00 1.00 38.00
718.101 33408.168 1 1109360 207147 738.68642 0 2 78 1140 -4 173 0 0 2442 1181 6.00 50.00 0.00 1.00 35.00
718.201 33409.455 1 1109338 207136 738.76761 0 1 98 1150 -2 138 0 0 2439 1179 7.00 33.00 3.00 0.00 36.00
718.301 33410.749 1 1109319 207126.5 738.83774 0 1 94 1161 -4 154 0 0 2437 1180 4.00 39.00 3.00 0.00 39.00
718.401 33412.055 1 1109297 207115.5 738.91897 0 0 99 1159 -6 146 0 0 2439 1182 12.00 42.00 1.00 0.00 35.00
718.501 33413.345 1 1109273 207103.5 739.00759 -1 1 93 1164 -5 167 0 0 2438 1186 3.00 57.00 1.00 0.00 34.00
718.601 33414.639 1 1109249 207091.5 739.09624 -2 0 98 1176 -5 155 0 0 2439 1185 6.00 48.00 3.00 1.00 36.00
718.701 33415.929 1 1109227 207080.5 739.17752 0 -1 96 1177 -4 180 0 0 2440 1185 5.00 50.00 2.00 0.00 27.00
718.801 33417.226 1 1109207 207070.5 739.25143 0 0 94 1181 -5 140 0 0 2439 1187 10.00 43.00 2.00 1.00 29.00
718.901 33418.526 1 1109183 207058.5 739.34013 1 1 99 1182 -5 147 0 0 2436 1186 2.00 54.00 2.00 0.00 40.00
719.001 33419.800 1 1109158 207046 739.43255 0 1 91 1186 -5 175 0 0 2437 1186 3.00 49.00 1.00 0.00 34.00
719.101 33421.085 1 1109136 207035 739.5139 -1 -1 97 1185 -5 160 0 0 2437 1187 5.00 51.00 7.00 1.00 28.00
719.201 33422.379 1 1109117 207025.5 739.58418 0 0 92 1191 -5 177 0 0 2437 1188 11.00 51.00 4.00 0.00 32.00
719.301 33423.678 1 1109095 207014.5 739.66556 0 -1 100 1194 -5 149 0 0 2436 1190 5.00 49.00 1.00 0.00 24.00
719.401 33424.952 1 1109071 207002.5 739.75436 -1 1 103 1194 -4 150 0 0 2437 1190 2.00 44.00 7.00 1.00 30.00
719.501 33426.229 1 1109047 206990.5 739.84318 -1 -1 109 1215 -5 160 0 0 2439 1194 9.00 63.00 2.00 0.00 48.00
719.601 33427.526 1 1109026 206980 739.92092 1 0 104 1216 -5 157 0 0 2436 1193 9.00 46.00 2.00 0.00 39.00
719.701 33428.821 1 1109006 206970 739.99496 0 0 110 1216 -5 134 0 0 2438 1196 3.00 48.00 4.00 0.00 26.00
719.801 33430.105 1 1108983 206958.5 740.08014 0 -1 111 1227 -5 154 0 0 2438 1202 6.00 64.00 8.00 0.00 32.00
719.901 33431.399 1 1108958 206946 740.17274 0 1 111 1223 -6 189 0 0 2439 1206 11.00 63.00 3.00 1.00 34.00
720.001 33432.693 1 1108937 206935.5 740.25054 0 1 114 1213 -7 179 0 0 2438 1214 3.00 51.00 8.00 0.00 35.00
720.101 33433.972 1 1108918 206926 740.32095 1 -1 118 1211 -8 161 0 0 2438 1220 6.00 57.00 4.00 1.00 27.00
720.201 33435.256 1 1108896 206915 740.40249 1 0 117 1209 -6 160 0 0 2438 1226 10.00 67.00 3.00 0.00 28.00
720.301 33436.553 1 1108872 206903 740.49146 0 0 123 1197 -2 189 0 0 2440 1235 4.00 84.00 6.00 0.00 30.00
720.401 33437.841 1 1108848 206891 740.58045 1 1 121 1206 -4 189 0 0 2435 1238 10.00 78.00 6.00 0.00 23.00
720.501 33439.132 1 1108827 206880.5 740.65834 0 -2 130 1199 -4 198 0 0 2440 1246 8.00 73.00 3.00 0.00 32.00
720.601 33440.409 1 1108806 206870 740.73624 1 -1 140 1195 -5 190 0 0 2438 1250 7.00 69.00 5.00 0.00 26.00
720.701 33441.688 1 1108783 206858.5 740.82158 0 0 143 1198 -4 229 0 0 2438 1257 12.00 66.00 8.00 0.00 28.00
720.801 33442.980 1 1108758 206846 740.91436 1 -1 130 1199 -3 198 0 0 2436 1262 5.00 75.00 9.00 0.00 21.00
720.901 33444.270 1 1108736 206835 740.99602 0 -1 125 1194 -6 237 0 0 2440 1266 5.00 85.00 11.00 0.00 31.00
721.001 33445.560 1 1108716 206825 741.07028 0 -1 136 1184 -6 241 0 0 2437 1272 5.00 74.00 4.00 0.00 36.00
721.101 33446.846 1 1108694 206814 741.15198 1 0 132 1179 -4 267 0 0 2437 1273 2.00 123.00 6.00 1.00 24.00
721.201 33448.138 1 1108670 206802 741.24112 -1 -3 129 1186 -4 257 0 0 2438 1279 12.00 93.00 10.00 1.00 31.00
721.301 33449.425 1 1108647 206790.5 741.32657 -1 -2 134 1187 -5 248 0 0 2439 1278 6.00 86.00 13.00 0.00 24.00
721.401 33450.730 1 1108626 206780 741.40461 0 -1 141 1187 -8 228 0 0 2436 1279 9.00 96.00 14.00 0.00 28.00
721.501 33452.003 1 1108606 206770 741.47895 0 -2 139 1196 -7 289 0 0 2434 1275 4.00 96.00 17.00 1.00 32.00
721.601 33453.280 1 1108584 206759 741.56073 0 -1 143 1196 -7 265 0 0 2440 1271 5.00 83.00 9.00 0.00 29.00
721.701 33454.571 1 1108560 206747 741.64997 1 -1 154 1198 -6 262 0 0 2432 1261 6.00 108.00 7.00 0.00 39.00
721.801 33455.850 1 1108538 206736 741.7318 1 -1 149 1192 -6 236 0 0 2437 1253 5.00 109.00 5.00 0.00 25.00
721.901 33457.146 1 1108519 206726.5 741.80247 0 -1 145 1192 -5 253 0 0 2435 1242 4.00 83.00 4.00 0.00 38.00
722.001 33458.427 1 1108497 206715.5 741.88433 1 -1 144 1193 -5 240 0 0 2437 1236 6.00 89.00 9.00 0.00 28.00
722.101 33459.716 1 1108474 206704 741.96992 0 -1 144 1191 -4 206 0 0 2434 1229 3.00 86.00 9.00 0.00 20.00
722.201 33461.001 1 1108450 206692 742.05926 -1 -2 122 1195 -3 199 0 0 2432 1222 4.00 75.00 2.00 0.00 25.00
722.301 33462.296 1 1108429 206681.5 742.13745 1 -2 120 1180 -4 220 0 0 2437 1219 3.00 69.00 5.00 0.00 31.00
722.401 33463.599 1 1108408 206671 742.21565 0 -1 121 1171 -2 184 0 0 2437 1216 2.00 87.00 7.00 0.00 24.00
722.501 33464.892 1 1108385 206660 742.29759 0 0 107 1183 1 215 0 0 2436 1212 4.00 70.00 6.00 0.00 43.00
722.601 33466.191 1 1108360 206647 742.39445 1 1 107 1171 1 221 0 0 2435 1205 3.00 80.00 7.00 0.00 31.00
722.701 33467.493 1 1108339 206636.5 742.47271 0 0 101 1179 -2 196 0 0 2434 1204 5.00 72.00 8.00 0.00 34.00
722.801 33468.770 1 1108319 206626.5 742.54725 0 0 101 1175 -3 214 0 0 2436 1205 5.00 71.00 5.00 0.00 26.00
722.901 33470.061 1 1108297 206615.5 742.62926 -1 0 104 1189 0 186 0 0 2434 1203 3.00 72.00 7.00 0.00 34.00
723.001 33471.339 1 1108273 206603.5 742.71875 0 1 118 1175 -1 199 0 0 2435 1200 8.00 67.00 3.00 0.00 24.00
723.101 33472.638 1 1108249 206591.5 742.80826 -1 0 116 1174 0 203 0 0 2435 1198 7.00 78.00 6.00 0.00 22.00
723.201 33473.926 1 1108228 206581 742.8866 -1 0 121 1176 1 203 0 0 2436 1199 6.00 62.00 6.00 1.00 31.00
723.301 33475.219 1 1108208 206571 742.96123 0 0 125 1180 1 202 0 0 2435 1198 4.00 63.00 2.00 0.00 27.00
723.401 33476.498 1 1108186 206560 743.03959 -1 0 112 1171 0 173 0 0 2437 1200 6.00 66.00 6.00 0.00 34.00
723.501 33477.775 1 1108162 206548 743.13291 -1 -1 118 1165 -3 178 0 0 2435 1196 4.00 62.00 4.00 1.00 24.00
723.601 33479.061 1 1108141 206537.5 743.21132 0 0 109 1172 -2 195 0 0 2435 1197 5.00 65.00 5.00 1.00 37.00
723.701 33480.366 1 1108122 206528 743.28227 -1 0 119 1173 -3 181 0 0 2433 1196 6.00 77.00 2.00 0.00 31.00
723.801 33481.658 1 1108100 206517 743.36444 -1 -1 115 1177 -2 188 0 0 2434 1194 3.00 65.00 2.00 0.00 40.00
723.901 33482.944 1 1108076 206505 743.4541 -1 -2 114 1170 -3 213 0 0 2435 1195 5.00 72.00 7.00 0.00 38.00
724.001 33484.227 1 1108053 206493.5 743.54004 -1 -1 112 1169 -3 203 0 0 2431 1193 4.00 67.00 5.00 0.00 29.00
724.101 33485.520 1 1108031 206482.5 743.62227 0 0 96 1178 -3 192 0 0 2430 1191 2.00 58.00 4.00 0.00 33.00
724.201 33486.802 1 1108011 206472.5 743.69703 -1 -2 103 1178 -5 191 0 0 2432 1192 6.00 60.00 2.00 0.00 35.00
724.301 33488.084 1 1107989 206461.5 743.77929 0 -1 97 1177 -6 181 0 0 2436 1190 7.00 55.00 6.00 0.00 38.00
724.401 33489.370 1 1107963 206448.5 743.87653 0 -1 95 1185 -7 196 0 0 2432 1186 7.00 61.00 6.00 0.00 24.00
724.501 33490.673 1 1107941 206437.5 743.95883 -1 0 92 1183 -8 160 0 0 2430 1186 11.00 65.00 4.00 0.00 20.00
724.601 33491.971 1 1107922 206428 744.02992 0 -1 93 1175 -8 195 0 0 2432 1188 7.00 64.00 6.00 0.00 30.00
724.701 33493.265 1 1107900 206417 744.11225 -1 -1 100 1176 -7 162 0 0 2432 1185 3.00 75.00 6.00 0.00 22.00
724.801 33494.570 1 1107877 206405.5 744.19834 0 -1 108 1173 -6 171 0 0 2433 1182 5.00 71.00 2.00 0.00 39.00
725.301 33495.946 1 1107764 206349 744.62159 -1 -1 109 1163 -5 182 0 0 2432 1179 4.00 63.00 1.00 0.00 26.00
725.801 33497.351 1 1107654 206294 745.03405 -1 -1 112 1181 -5 169 0 0 2431 1172 8.00 64.00 2.00 0.00 39.00
726.301 33498.746 1 1107542 206238 745.45446 0 -1 110 1171 -3 176 0 0 2431 1170 5.00 54.00 4.00 0.00 27.00
726.801 33500.121 1 1107432 206183 745.86781 -1 -2 106 1186 -2 174 0 0 2433 1168 10.00 54.00 2.00 1.00 22.00
727.301 33501.505 1 1107325 206129.5 746.27032 0 -2 104 1185 -2 169 0 0 2431 1169 4.00 59.00 3.00 0.00 26.00
727.801 33502.880 1 1107214 206074 746.68831 0 0 116 1179 -3 133 0 0 2430 1164 8.00 44.00 2.00 3.00 28.00
728.301 33504.268 1 1107106 206020 747.09544 -1 -1 106 1193 -6 155 0 0 2434 1167 11.00 60.00 3.00 0.00 36.00
728.801 33505.654 1 1106998 205965.99 747.503 0 -2 106 1179 -3 157 0 0 2434 1165 4.00 49.00 1.00 0.00 27.00
729.301 33507.021 1 1106890 205911.99 747.91099 -1 0 103 1199 -4 171 0 0 2431 1162 8.00 50.00 4.00 0.00 29.00
729.801 33508.404 1 1106779 205856.49 748.33076 -1 0 104 1199 -3 144 0 0 2426 1162 10.00 59.00 5.00 0.00 27.00
730.301 33509.784 1 1106670 205801.99 748.74342 -1 -1 105 1196 -2 162 0 0 2432 1162 8.00 41.00 1.00 0.00 32.00
730.801 33511.158 1 1106562 205747.99 749.15272 -1 -3 101 1186 -4 148 0 0 2434 1163 6.00 62.00 3.00 0.00 34.00
731.301 33512.545 1 1106454 205693.99 749.56245 -1 -1 118 1187 -2 164 0 0 2433 1163 7.00 59.00 2.00 1.00 28.00
731.801 33513.927 1 1106346 205639.99 749.97261 0 -1 118 1190 -3 168 0 0 2435 1161 6.00 40.00 2.00 2.00 41.00
732.301 33515.323 1 1106237 205585.49 750.38701 0 -1 110 1205 -5 189 0 0 2433 1160 6.00 52.00 7.00 0.00 36.00
732.801 33516.725 1 1106133 205533.49 750.78282 0 -2 111 1201 -5 175 0 0 2434 1162 7.00 56.00 3.00 0.00 30.00
733.301 33518.099 1 1106024 205478.99 751.19809 0 -2 105 1210 -5 189 0 0 2436 1158 4.00 63.00 5.00 1.00 31.00
733.801 33519.482 1 1105918 205425.99 751.60235 0 -1 118 1216 -3 187 0 0 2435 1161 6.00 50.00 1.00 0.00 35.00
734.301 33520.859 1 1105810 205371.99 752.01468 -1 -2 109 1216 -3 161 0 0 2432 1158 5.00 46.00 3.00 0.00 32.00
734.801 33522.268 1 1105707 205320.49 752.40832 -1 -2 111 1216 -5 138 0 0 2433 1161 8.00 50.00 4.00 0.00 31.00
735.801 33523.710 1 1105488 205210.99 753.24662 0 -1 104 1220 -2 168 0 0 2434 1159 6.00 34.00 2.00 0.00 41.00
736.801 33525.164 1 1105276 205104.99 754.05984 -1 -2 108 1228 -6 142 0 0 2434 1160 5.00 57.00 3.00 0.00 40.00
737.801 33526.601 1 1105060 204996.99 754.89015 -1 -2 105 1235 -4 129 0 0 2439 1160 6.00 37.00 5.00 0.00 24.00
738.801 33528.056 1 1104849 204891.49 755.70295 0 -2 109 1241 -4 145 0 0 2436 1158 6.00 40.00 2.00 0.00 33.00
739.801 33529.523 1 1104635 204784.49 756.52903 0 -2 95 1244 -3 134 0 0 2440 1159 4.00 37.00 6.00 0.00 29.00
740.801 33530.988 1 1104425 204679.49 757.34137 -2 -3 99 1249 -5 143 0 0 2441 1162 8.00 43.00 1.00 0.00 31.00
741.801 33532.438 1 1104215 204574.48 758.1554 -2 -3 103 1247 -5 149 0 0 2440 1161 8.00 37.00 6.00 1.00 31.00
742.801 33533.885 1 1104007 204470.48 758.96335 0 -4 105 1250 -5 166 0 0 2442 1158 4.00 40.00 6.00 0.00 28.00
743.801 33535.351 1 1103797 204365.48 759.78075 -1 -4 90 1267 -6 136 0 0 2441 1161 9.00 57.00 2.00 0.00 33.00
744.801 33536.807 1 1103591 204262.48 760.58424 -1 -3 108 1265 -6 157 0 0 2440 1159 5.00 43.00 2.00 0.00 39.00
745.801 33538.253 1 1103381 204157.48 761.40502 -1 -4 83 1278 -3 131 0 0 2438 1160 6.00 41.00 5.00 0.00 23.00
746.801 33539.694 1 1103173 204053.48 762.21968 -1 -4 83 1279 -2 135 0 0 2437 1160 7.00 39.00 2.00 0.00 30.00
747.801 33541.138 1 1102965 203949.48 763.03602 -1 -4 113 1290 -2 145 0 0 2435 1157 8.00 35.00 2.00 0.00 29.00
748.801 33542.585 1 1102757 203845.48 763.85405 -1 -2 109 1293 -1 144 0 0 2431 1157 8.00 44.00 5.00 0.00 30.00
749.801 33544.037 1 1102552 203742.98 764.66195 -1 -4 92 1293 -6 143 0 0 2432 1155 3.00 34.00 4.00 0.00 31.00
750.801 33545.510 1 1102346 203639.98 765.47545 0 -3 87 1289 -6 169 0 0 2426 1156 5.00 35.00 3.00 0.00 35.00
751.801 33546.942 1 1102143 203538.48 766.27875 0 -3 86 1294 -5 154 0 0 2427 1155 6.00 52.00 2.00 0.00 35.00
752.801 33548.385 1 1101935 203434.48 767.10352 -1 -4 90 1301 -4 147 0 0 2427 1155 5.00 30.00 2.00 1.00 42.00
753.801 33549.820 1 1101733 203333.48 767.90614 -1 -3 90 1287 -3 151 0 0 2421 1154 7.00 40.00 3.00 4.00 29.00
754.801 33551.272 1 1101528 203230.97 768.72235 -1 -4 71 1298 -2 134 0 0 2417 1151 6.00 44.00 3.00 2.00 32.00
755.801 33552.715 1 1101327 203130.47 769.52426 -1 -4 54 1298 -4 130 0 0 2416 1153 6.00 30.00 3.00 0.00 26.00
756.801 33554.189 1 1101123 203028.47 770.3398 -1 -4 60 1293 -4 117 0 0 2412 1151 7.00 24.00 2.00 1.00 41.00
757.801 33555.638 1 1100923 202928.47 771.14097 -1 -5 56 1288 -3 154 0 0 2409 1148 4.00 30.00 3.00 0.00 51.00
758.801 33557.096 1 1100720 202826.97 771.95581 -2 -6 69 1304 -1 172 0 0 2407 1149 11.00 48.00 3.00 0.00 31.00
759.801 33558.541 1 1100520 202726.97 772.76023 -1 -4 66 1306 -2 121 0 0 2402 1148 6.00 40.00 4.00 0.00 28.00
760.801 33559.997 1 1100319 202626.47 773.57031 -1 -3 79 1303 -2 167 0 0 2400 1146 4.00 33.00 9.00 0.00 29.00
761.801 33561.442 1 1100121 202527.47 774.36991 -1 -5 70 1297 -5 122 0 0 2399 1145 3.00 37.00 1.00 0.00 30.00
762.801 33562.876 1 1099920 202426.97 775.18326 -1 -3 87 1293 -12 127 0 0 2396 1141 8.00 37.00 0.00 0.00 24.00
763.801 33564.322 1 1099723 202328.47 775.98203 -1 -5 87 1304 -7 110 0 0 2398 1142 6.00 34.00 4.00 0.00 29.00
764.801 33565.787 1 1099522 202227.97 776.79866 -2 -4 86 1318 -7 106 0 0 2399 1147 7.00 34.00 3.00 0.00 45.00
765.801 33567.241 1 1099325 202129.47 777.60065 -1 -4 90 1313 -6 152 0 0 2398 1144 8.00 31.00 3.00 0.00 28.00
766.801 33568.687 1 1099126 202029.97 778.41241 -1 -4 94 1320 -9 125 0 0 2397 1141 4.00 42.00 2.00 0.00 31.00
767.801 33570.143 1 1098931 201932.47 779.20945 -2 -5 97 1328 -6 119 0 0 2398 1144 4.00 36.00 2.00 1.00 21.00
768.801 33571.582 1 1098733 201833.46 780.02037 0 -2 97 1319 -5 153 0 0 2400 1142 7.00 49.00 3.00 1.00 34.00
769.801 33573.026 1 1098540 201736.96 780.81238 0 -3 94 1335 -5 132 0 0 2394 1141 12.00 30.00 3.00 0.00 36.00
770.801 33574.462 1 1098342 201637.96 781.62653 -1 -4 91 1329 -3 139 0 0 2399 1144 2.00 32.00 2.00 0.00 32.00
771.801 33575.922 1 1098148 201540.96 782.42583 -1 -4 92 1337 -2 125 0 0 2399 1143 5.00 30.00 2.00 0.00 32.00
772.801 33577.366 1 1097952 201442.96 783.23497 -1 -3 96 1345 -5 116 0 0 2396 1144 6.00 38.00 2.00 0.00 35.00
773.801 33578.803 1 1097759 201346.46 784.03331 -1 -3 94 1340 -6 116 0 0 2399 1146 6.00 35.00 2.00 0.00 28.00
774.801 33580.260 1 1097565 201249.46 784.83738 0 -3 95 1342 -4 124 0 0 2398 1143 9.00 34.00 4.00 0.00 26.00
775.801 33581.690 1 1097373 201153.46 785.63473 0 -5 93 1358 -5 139 0 0 2397 1145 6.00 39.00 3.00 1.00 25.00
776.801 33583.130 1 1097181 201057.46 786.43365 -1 -6 95 1397 -3 129 0 0 2395 1146 6.00 37.00 3.00 0.00 37.00
777.801 33584.589 1 1096990 200961.96 787.22997 0 -5 102 1533 -5 131 0 0 2392 1145 9.00 32.00 4.00 0.00 33.00
778.8015 33586.055 1 1096799 200866.46 788.02785 1 -4 90 1525 -7 155 0 0 2391 1146 12.00 35.00 2.00 0.00 34.00
779.8015 33587.508 1 1096606 200769.96 788.83568 0 -5 88 1437 -7 152 0 0 2391 1146 7.00 39.00 4.00 1.00 31.00
781.8015 33589.052 1 1096220 200576.96 790.45615 0 -3 92 1412 -5 138 0 0 2381 1143 9.00 34.00 5.00 1.00 42.00
783.8015 33590.645 1 1095841 200387.45 792.05352 0 -4 94 1394 -5 110 0 0 2379 1144 2.00 31.00 4.00 0.00 35.00
785.8015 33592.189 1 1095467 200200.45 793.63595 0 -5 88 1394 -3 147 0 0 2371 1143 6.00 35.00 1.00 0.00 35.00
787.8015 33593.736 1 1095093 200013.45 795.22451 0 -3 88 1395 0 113 0 0 2362 1136 13.00 27.00 3.00 0.00 36.00
789.8015 33595.262 1 1094719 199826.45 796.81924 0 -4 91 1396 -2 127 0 0 2357 1136 1.00 39.00 2.00 1.00 30.00
791.8015 33596.817 1 1094347 199640.45 798.41159 0 -3 83 1414 -1 138 0 0 2349 1135 7.00 37.00 2.00 0.00 31.00
793.8015 33598.364 1 1093980 199456.95 799.98859 -1 -5 91 1453 -3 114 0 0 2346 1136 9.00 47.00 4.00 0.00 33.00
795.8015 33599.897 1 1093610 199271.95 801.5846 1 -3 90 1429 1 126 0 0 2339 1134 4.00 36.00 4.00 1.00 25.00
797.8015 33601.425 1 1093243 199088.44 803.17377 0 -4 86 1425 1 131 0 0 2331 1133 7.00 27.00 4.00 1.00 23.00
799.8015 33602.963 1 1092885 198909.44 804.72985 0 -4 95 1424 2 118 0 0 2329 1133 5.00 28.00 4.00 0.00 28.00
801.8015 33604.506 1 1092521 198727.44 806.31801 0 -4 89 1435 2 136 0 0 2322 1129 5.00 22.00 1.00 0.00 36.00
803.8015 33606.062 1 1092160 198546.94 807.89909 0 -3 76 1423 1 111 0 0 2317 1130 3.00 26.00 3.00 0.00 45.00
805.8015 33607.594 1 1091801 198367.44 809.47738 0 -3 97 1433 1 120 0 0 2307 1127 6.00 32.00 4.00 0.00 27.00
807.8015 33609.147 1 1091440 198186.94 811.07049 -1 -3 93 1435 -1 152 0 0 2302 1125 6.00 38.00 6.00 0.00 27.00
809.8015 33610.677 1 1091089 198011.44 812.6253 0 -2 98 1438 -1 115 0 0 2292 1120 6.00 27.00 1.00 0.00 23.00
811.8015 33612.221 1 1090736 197834.94 814.19481 0 -1 94 1430 0 126 0 0 2284 1120 9.00 36.00 2.00 0.00 27.00
813.8015 33613.740 1 1090384 197658.93 815.76573 -2 -2 103 1437 -2 134 0 0 2280 1118 4.00 39.00 1.00 0.00 39.00
815.8015 33615.257 1 1090029 197481.43 817.356 0 -3 104 1436 -2 129 0 0 2269 1114 9.00 44.00 3.00 0.00 29.00
817.8015 33616.780 1 1089685 197309.43 818.90273 0 -3 103 1433 -1 135 0 0 2263 1108 8.00 47.00 1.00 0.00 23.00
819.8015 33618.314 1 1089338 197135.93 820.46871 -1 -5 97 1440 -4 128 0 0 2255 1108 6.00 48.00 3.00 0.00 36.00
821.8015 33619.857 1 1088992 196962.93 822.03596 0 -3 119 1428 -2 119 0 0 2247 1102 8.00 38.00 2.00 0.00 30.00
823.8015 33621.394 1 1088642 196787.93 823.62724 0 -3 130 1430 -2 118 0 0 2237 1098 4.00 36.00 3.00 0.00 32.00
825.8015 33622.913 1 1088304 196618.93 825.16964 0 -3 131 1429 -1 130 0 0 2233 1098 9.00 39.00 5.00 1.00 18.00
827.8015 33624.450 1 1087964 196448.93 826.72683 0 -3 127 1418 -2 126 0 0 2232 1096 7.00 34.00 3.00 0.00 29.00
829.8015 33625.958 1 1087621 196277.42 828.30354 0 -3 118 1426 -2 147 0 0 2231 1094 8.00 49.00 2.00 0.00 35.00
